,Unnamed: 0,电影id,电影名称,用户id,用户名,评分,评论日期,评论内容,有用数,没用数,回应数
0,0,35208489,琉璃收官云歌会,9c853742f0cea38258bdea4463abd459,90d48d8c78f95d5da80d04ca906a0fb6,1.0,2020-09-23 10:47:23,本质上来说，这场大规模的剧粉、CP粉逆反，脱粉回踩，真的是CP不发糖不互动，避嫌太过的原因吗？或许有一定的原因，但这远远不至于让剧粉CP粉生气成这样。 气的是什么呢？气的是男主演成顶流，在台上扭扭捏捏，避女主如蛇蝎，仿佛女主身上感染了什么传染病一样挨着她回去就会死。是吗？试想你在认真工作与人相处，你的同事离你八丈远仿佛你有狐臭一样，你是什么心情？ 气的是他黑着个司马脸好像全世界都对不起他一样，不说那几百来现场的粉丝了，就说这十来万线上的观众，别人花了钱是来看你摆脸色臭脸的吗？你很牛吗？放下你的身段。真以为自己靠这部剧成顶流了？ 气的是他答非所问全程心不在焉。问他对司凤的感受，他说司凤就是一只鸟。问他对璇玑武力值的感受，他说司凤才是最强的。问他初遇夫妇的感受，他说司凤没了，我还在。我都想笑了，你高考语文能有40分吗？你知道自己在说些什么吗？求求你了，与其花那么多时间拍一些扑得连水花都没有的剧，不如去多读几本书吧，脱离了电视剧古装造型滤镜，本来也不算帅，年纪也大了，再这样没有智商没有情商，你能在娱乐圈走多久呢？恐怕再走十年，归来仍是素人。 想起前几天很火的一句话“他明明那么普通，却能那么自信”，真的很适合这位心比天高的男主角了。 论年龄，31岁的人了，在娱乐圈已经是没什么太大的出头日了，后面一茬接一茬95后00后甚至05后的小帅哥不香吗？ 论相貌，不说整个娱乐圈了，就哪怕是在欢瑞内部，也算不上好看，任嘉伦，秦俊杰，茅子俊， 刘学义，哪个不比你好看？也就是吃了造型和古装滤镜粉丝滤镜的红利，才让粉丝把你吹上了天。 论演技，司凤确实演得还算及格，但远远达不到炉火纯青的地步，台词功底极差，没有杰大配音，司凤这个角色不会完成得那么优秀。 论为人处世的情商，不用多说，那更是堪忧。 所以，作为一个如此普通的男演员，你哪来的资本这么自信呢？是琉璃带给你的自信吗？既然是这部剧带给你的自信，那你为什么从来对琉璃，对司凤没有一丁点上心过呢？其他主演知道跟我们一起追剧一起玩梗，你呢？你看过一集你自己演的电视剧吗？ 学艺先学德，敬人者人恒敬之。希望顶流成演员，以后能学会尊重自己的作品，尊重自己的角色，尊重每一个观众，否则不论再演多少年扑剧，依然归来是素人。 言尽于此。,1121.0,9.0,329
1,1,35208489,琉璃收官云歌会,25297b8c4fce69ad09410abac9885ab0,45137e92ce91090f73443d6b8babab87,1.0,2020-09-26 00:22:43,"《琉璃》这剧，不是爆剧，也不是好剧。 但注定要让我永生难忘了，因为给了我史上最恶的观剧体验。  ——资方戏内外骚操作令人发指，堪称娱乐圈“假恶丑”实录。 无奈本质糊剧，920云歌会恶臭事件还是没能舞出圈。 但作为全程参与的剧粉，我一定要把我的遭遇说出来。  好让人知道资方到底对观众做了什么。 也希望以后再也不要有人重蹈我们的覆辙。 如果时光能重来，我绝不会为它浪费153块钱，以及36天的真情实感。  我算是最早一批关注《琉璃》的观众。  那时，剧刚上线一周，豆瓣《琉璃》专组只有3000人。 前10集的剧情让我们入了坑，我们每天都在为这剧的热度发愁。 戏称自己是《琉璃》事业粉，心甘情愿做着“自来水”。 去微博提醒主演们换角色头像，发帖教怎么跟身边的人安利。 很多人还在组里发帖，专组人数过多少就手抄楼里评论者的ID。   看着剧走势越来越好，我们还跑去给播出平台出谋划策。 求它延迟付费超前点播的日期，等观众多了再割“韭菜”。 嗯，我们不是不愿意被“割”，还教他们如何最大利益地“割”。   《琉璃》男女主演都是籍籍无名的演员，组里气氛也没有粉圈恶习。  我们一起讨论剧情，感慨“没有流量的剧追起来就是舒服”。 卖力宣传，做尽职的剧粉，只为好剧不被埋没，好演员能被看到。 正是我们这些天真而不知资本险恶的剧粉给了《琉璃》第一波热度。  ——而后期也是我们，一片真心被喂了狗。  我之前的剧评分析过，《琉璃》从立项之初就居心不良。  它让我看明白了，为什么国产剧观众会被烂剧荼毒这么久。  因为有资方真的从剧本开始想的就不是尽最大的努力去搞一部好剧，而是如何去捧能给公司带来长线利益的演员。 看完全剧，但凡六识健全，都能看得出来——《琉璃》主要为了捧男演员成毅。   为这一己私利，剧情逻辑全崩了，全员人设也都毁了。 但国产剧观众太卑微了，就这我们都能靠对男女主的爱撑下去。 但戏里全员“祭天”让男主成为最大赢家，资方竟然还是不满足。 戏外，他们也“全都要拿走”。   8月16日，《琉璃》一众演员做了直播。  男女主演是乍火的小演员，临场表现没那么官方。 在导演的安排下，他们也大大方方还原剧中的名场面（正常营业)。  





还原剧情 在这之后，一批真人CP粉逐渐有了声势。 其实，每部偶像剧都这样。 一般剧播完后，热度也会自认而然地消散。 但这却让一心要捧男演员的资方急了，它不想让女演员吃到一点红利。 于是，用各种恶心行径要给男演员“提纯”。  上头期间，我每天在《琉璃》专组住着。  35-44集超前点映后，6万人的专组风向变了。 每天刷屏的都是撕逼贴。 一开始嘴女演员的演技，我都能接受。  但慢慢地，他们就对女演员全方位地攻击。 羞辱她的长相，不承认她前期的演技，说她拖累男演员，抹杀她一切功劳。  导演都说过不能“独美”，你们造吗？ 搬营销号牵强附会的新闻，咒骂她爱“炒CP”，爱吸血、爱倒贴。 起初，我不明白自己对线的是什么人，还试图开帖讲道理。 我的观点就是，女演员哭戏拉垮，但剧本问题更大。 但女演员的黑帖层出不穷，且条条被控评。 只要帮女演员反驳一下都会被打成是女演员粉丝。 说剧本太侧重男主就是男演员黑(可这是事实啊)。 我明明那会痴迷男演员到手机屏保、微信头像都换成了他。 还做好了要pick他10年的准备，要养成系地看他成为实力派演员。 但我想证明我喜欢他就跟六子想证明只吃了一碗粉一样难。   可怜的理智剧粉实在招架不住这种只会扣粉籍和喷脏的""讨论""。 ——眼看着，6万专组成了一言堂。 编剧写的残害幼童的剧情被删，骂女演员。 票选剧里最讨厌的角色，女主都得高票。   我特别想问，讨厌女主又要看剧的人是不是都代入的是自己的脸？ 每天都骂女演员先撩者贱，但“薛定谔”的女演员水军和通稿。 到现在，你还能看到他们在组里颠倒黑白、阴阳怪气。  ？？？？  连男二也不配开帖哦，因为会抢男主风头。  专组素来有撕逼传统，但能变成男演员毒唯组的只有《琉璃》。 娱乐圈男明星粉是容易智障、仇女、搅屎棍，但这种不眠不休的战斗力说没有职粉在带节奏，我是不信的。 除了忍受ie的戾气，我们还要忍受戏精一样的资方高层。 比如，他宣传剧时，在男女主的照片中间放自己的自拍。  谈到剧情的时候，说男女主是“老乡见老乡”。      明涵女演员演技不行。  用恶心的字眼YY男演员。  我无数次想扒开他的脑子，看看里面到底有什么？ 我混粉圈少，我就想问问，这种操作还有别家有吗？ 男女演员也是一直避嫌的。 微博连个正常评论互动都没有，就没有感情的互相艾特。  对比一下 
后来，干脆花絮都不放男女主同框的了（绝无仅有）。 ——我真的都气笑了。 就是当你沉浸在剧中，为男女主绝美爱情流泪的时候。 资方一定要让你清醒一点，男女演员本人根本不熟。  这么去戳观众的心，到底把观众当什么？  我们不是你们的衣食父母吗？ 为什么非要像有仇一样故意恶心我们？   我之前说过，《琉璃》最大的看点就是男女主CP感。 掉线的剧情我忍了，外界的噪音我忍了，卖腐的心思我还是忍了。 为了支持男女演员（演员是无辜的），我追到了结局。 本以为终于历劫成功了，可偏偏手贱买了920的收官云歌会。 我想男演员没有商务，应该要为他氪点金。 可结果呢？如果可以，我真想重金求一双没看过这场晚会的眼睛。 一场打着剧中CP名号揽金的晚会，实际上却是大型女演员职场霸凌，及男演员情商暴露现场。 全程2.5小时的晚会，男女主同框都没有。  唯一的合唱，还硬生生塞进四个演员作陪。  我们付费来看资方员工团建，假唱还连对口型都对不上。  女演员中间直接消失了一个钟头。 男演员全程丧着个脸，他对女演员避之唯恐不及到什么地步呢？ 女演员说话的时候，他表情紧绷目视侧方。  女演员不小心扭到脚，他无动于衷。 台上没地方站了，其他演员把他往女演员方向推了推，他吓得身体弯成了虾。  





 主持人cue他回答跟女主有关的问题，他跟一旁的人说话，连问题都没听清。 主持人重问一遍，他突然答非所问，把话题转到自己的角色身上。 还像个婚礼司仪一样在台上喊话，跟他的粉丝互动。 他连剧中的角色名都不太愿提到，谈角色感悟说得一塌糊涂。 成毅对角色的定义 没提女主是因为她全程大大方方微笑与倾听，回答问题也得体。 以前那些拆CP的手段只是让我不适。 但这次是男演员亲手操刀，他给了我一万吨的伤害。 





 我并不是脑残粉，从来不干跟风黑的事。  但这些天我真的一直非常难以释怀，我也问自己为什么会这样？ 首先，男主的憨批行为跟角色太撕裂了。 我试着刷剧复健，但看着司凤优雅、深情的样子会克制不住地出戏。  再也没办法找回之前追剧时心疼、快乐、感动的感觉了。  非常膈应，还觉得自己那么入戏特别讽刺。 对角色付出过真感情的观众，最后落得如此纠结难堪。 我们还不能对罪魁祸首的男演员心生怨念？ ——我做不到。 我还想破脑袋也不懂他为什么要这么做？  难道老板拿火箭炮对着他，他胆敢看女主一眼，就立马将他射杀？ 还是，哥哥31岁了，还是个腼腆的孩子？ 更让深恶痛绝、无法原谅的，还有一直以来被资本喂屎的感觉。 资方到底有多狂妄，才能策划这样一场毫无诚意的晚会？ 你要的流量，要的变现……观众都可以。  靠“初遇夫妇”，优酷云歌会直播间收获1亿点赞 而你办晚会的时候，却全程只惦记着拆CP，连体面告别都不给 ——你心里可曾有过一丝对观众的情义？  完了，男主自曝情商，屠榜被嘲，你又拿着观众的钱去洗地。 公然罔顾事实，把观众对男演员不尊重角色指责说成是观众嗑CP嗑瘟了，不满男演员没有现场发糖。 我们是平时吃不到糖的心理变态，而男主是专业的演员。 你们是剧里拿演员当工具人用习惯了，觉得我们这些活生生的观众也只配当工具人？  从头到尾只有利用，还要捂住我们的嘴巴不让我们有正常人该有的情绪。 一部就靠观众“奶”的剧欺辱观众至此，反而毒唯能得到尊重，i 琉璃们简直是娱乐圈惨案。 肯定有人要说，剧好就行了，至少你追剧的时候快乐过。 但你看看我这为了嗑点糖遭了多少罪？ 被糊弄、被激怒、被恶心、被轻视、被宰割、被辜负……这些憋屈加起来，你觉得我还有快乐吗？  920后，成毅路人缘崩盘，成为圈内翻车最快的演员。 ——《琉璃》云歌会收获6000条差评。  粉丝老嘤嘤嘤，说哥哥是""蓄意被黑”。 殊不知这其中有的是观众对他最后一刻“跳狼人”的暴怒，以及对资方、毒唯、脂粉积怨的逆反！ 虽然我知道他不过是个情商低还敢出来丢人现眼的蠢东西，不应该往死里踩。   但他都能对司凤弃之如敝履，我又何必因为司凤对他念念不忘呢？ 真觉得凭一个“作弊”的角色，演员就可以独立行走，让观众记住他了吗？ 吐血太辛苦是因为编剧扭曲。 演技原声台词还有得练。 对观众来说，下一个演员肯定能更乖。 对演员来说，下一个角色就一定能更好？ 更何况，如果只有他糊能打烂资方的“如意算盘”。只有他糊才能让资方记住观众不是傻逼。 谁不想喊一句——天诛！",687.0,8.0,241
2,2,35208489,琉璃收官云歌会,79001abef7a210e598aceac1d684ebe8,bc097760209bfc4bbfbfe05ab1e14894,1.0,2020-09-23 11:23:15,今天我们大家之所以欢聚在这里，是为我们追了两个月的电视剧《琉璃》，庆祝她的收官歌会。我从小就很悲惨，家庭和爱情都很不顺。我曾经经历了很多恶心的事情和悲惨的遭遇。而带给我最大伤害的人，欢瑞和优酷，大家也都认识。还好，我遇到了成毅，这两个月来，多亏了他的照顾。无论别人觉得他是有多么冷酷，多么不近人情，多么自私自利，但我知道，他不这样。或者是说，他不全是这样。所以，他才会奋不顾身地想要拯救我，或者是分担我的痛苦，甚至是亲自品尝了我的痛苦。简单来说，他也就和其他顶流一样，要独美了。而最讽刺的是，他却以为我并不知道。可是成毅啊，我们是如此情谊深厚的粉丝，我怎么会不知道呢。所以今天，我要敬我的好哥哥，感谢他，分享我的悲惨人生。我也发自内心地祝愿他，从此以后，开始发烂，发臭！,459.0,5.0,79
3,3,35208489,琉璃收官云歌会,516bbf209e2c7ae6c70a4cbe67694763,ff72708af95c5c707c7376423c0a8374,1.0,2020-09-23 11:04:06,多亏了这个云歌会，让我真正感受到了什么叫戏子无情。 某男主圈剧粉cp粉的时候说自己吃透剧本，把自己当成司凤，然后在816直播的时候对女主演了一出深情戏码。现在剧粉cp粉的钱搜刮完了转眼间翻脸不认人也不认角色一个劲要提纯粉丝，假唱不说了，嘴型都对不上，又聋又坏又蠢，回答问题答非所问，不尊重同事不尊重主持人更没有尊重剧粉！！我们知道你现在有新剧在播，不久还有别的剧要上，我们也知道解绑cp提纯粉丝只是时间问题，但这些事情能不能别在琉璃收官会上做？！我们花钱看这收官会是为了重温琉璃旧梦和完美告别的，不是为了出戏和被男主提纯的！欢瑞吃相太过难看！！ 怪我太真情实感，先前觉得成毅2g老干部很可爱，看了云歌会才发现这原来是在立人设啊！可惜他的智商和情商不足以立稳这个人设，比如鸟鸟公主的梗前面采访和直播时跟他解释过好几遍，结果云歌会上再一次假装一脸懵逼好像没听过这个梗一样，看得我尴尬得脚趾抓地抠出了三室一厅……互联网是有记忆的成毅！肯花钱去看你们这破云歌会的都是把你们的采访啃了七八百遍的真情实感的剧粉cp粉，你说的每一句话你或许都不记得了，的我们一字一句都替你记着呢！！ 说实话最吃这部剧红利的是男主成毅，司凤作为仙侠男主天花板，从琉璃开播到现在涨了几百万粉，这些基本都是剧粉cp粉，我作为其中一员，每天帮他打投、反黑，即使没时间看电视也要把超前点播买了，我甚至没有关注女主超话只关注男主的。如果这个云歌会你维持好先前立的人设好好营业，这几百万剧粉cp粉迟早变成你的唯粉。可惜你急功近利，沉不住气，以为买云歌会的都是你的唯粉于是猛秀骚操作，结果估计错误导致翻车。大哥，你还真以为你现在红是靠你那点唯粉吗？！你也不看看云歌会上刷礼物的都是什么人，全部都是剧粉和cp粉！还敢在云歌会嘲讽剧粉cp粉让我们平时多吃点糖，你到底哪来的底气说这种话？为什么云歌会骂声一片，为什么你一夜之间掉几万粉，现在你清醒了吗？你掉的这几万粉都是真情实感喜欢过你的活粉，不比你买来的僵尸粉或者刷来的小号粉有意义吗？而且尽管如此，还是有大半不愿意面对现实的cp粉到现在还认为你在云歌会上的表现是被公司威胁的，认为你是身不由己，还在为你心疼为你反黑为你解释，你摸着良心问问自己，你对得起他们这一片真心吗？！ 最后说一句，通过这个云歌会我明白了一件事，追星真的不要太真情实感，你用真心对他们，他们却只想要你的钱：）,264.0,3.0,107
4,4,35208489,琉璃收官云歌会,e18a5709c3372e67d54aefb52fcec41a,caff05685cd6c7bc0c1b0372e9c6ad4d,1.0,2020-09-24 23:44:43,"比欧缇·阿龙先生（Beauty Alone）是一个隶属于悲凶百年影视公司的演员，粉丝喜欢称呼他为Mr.Solo。他敬业爱岗，公司分配的工作任务他都会认真完成，是合格的社畜一名。即使是不喜欢他的人也会敬佩他的工作完成度，公司要求做到100分即可，阿龙先生本着对自我的高标准严要求，一定要做到150分，惊艳所有观众。         在平时的工作中，他可以一秒入戏出戏，标准得仿佛一台演戏机器，是布莱希特体系的忠实贯彻者和执行者。不仅如此，阿龙先生还将他的艺术与人生融为一体，可谓是达到了艺术与人生的最高境界。正如傅雷先生所说艺术与人生的最高境界是""能掀动听众的感情，使他们如醉如狂，哭笑无常，而自己屹如泰山，像调度千军万马的大将军一样不动声色""，阿龙先生在戏里戏外都让观众内心翻江倒海、辗转反侧、食不下咽，而自己却波澜不惊。受到阿龙先生出色演绎和人戏合一精神的打动，观众朋友们为阿龙先生送上了""一枝独秀""的美誉。         然而仅在艺术上取得成绩，还不能令阿龙先生满足。在生活中，他也十分尊重合作同事和观众，努力成为一个德艺双馨的老艺术家。虽然出于角色的需要，他有时被迫搂抱女演员，但只要是出了戏，他一定会主动和女演员拉开距离，严守男德，绝不和女演员随意站在一起，不会轻易去看女演员。女演员任她再美再好看，再哭再崴脚，对他来说也视若不见。至于观众，他更是奉为衣食父母，多多关照，在采访中还不忘嘱托观众注意身体，多吃糖果，观众感动不已，纷纷在网络上夸赞他的体贴。          物以类聚，人以群分，阿龙先生的粉丝也是和他一样有着高素质的群体，他们不会像其他艺人的粉丝那样胡乱花钱去打榜应援，而是努力向各个Application的朋友们宣传Mr.solo的事迹，可以说是达到了墙高众人砌的局面。悲凶百年公司觉得这样过高的美誉是阿龙先生承担不起的，于是主动拒绝了观众的表扬，表示阿龙先生要继续低调地拍戏。         观众朋友们不禁发出长叹: 真的观众敢于直面跌宕的剧情，敢于斜视现实的世界，这是怎样的感动者和幸福者，然而舆论又常常为公司引导，以水军的出动来洗涤评论，仅使留下不平的心绪和沉默的悲哀。在这不平的心绪和沉默的悲哀中，又给人暂得回家，维持着这经常有妖的世界。我不知道这样的世界何时是一个尽头！         Tips: 布莱希特体系的核心主张是演员高于角色，驾驭角色，表现剧中人物而不是演员融化于角色之中，随时进入角色，随时跳出角色，面对观众，若即若离，自由驰骋。",119.0,,13
5,5,35208489,琉璃收官云歌会,41a7cb970e3ef537ab78d4b0d87e5218,9b9a35c22a6c32718bd62ea0a16eb199,5.0,2020-09-23 13:17:41,"我是看云歌会前传《816》才入的成毅的坑的。怎么说呢，他营造暧昧的气氛完全能让你产生滤镜：他不帅但是可爱啊；回答问题的时候莫名其妙答不对题，那一定是心上人在身边，注意力没法集中。你看他时不时往她身上靠；你看他失枕似的一直盯着她；你看他含羞带怯的偷瞄她；你看他主动给她递水还自然的拿回来拧紧盖子（多么令人心动的男孩子）；你看他在别人说话的时候还是忍不住和她说悄悄话，这一定说了什么甜言蜜语，我好想把声音调成雷声，我要听！ 你看他忍不住要演剧中剧，你看他情不自禁抱她，下巴不住的蹭她的颈窝，你看他将吻未吻的样子（这里唯一出戏和不协调的地方就是女主易红的体质，和她的脸颊吻，其实她抢戏了，完全可以站在那，静静的看他表演）。这一段必须单独拿出来，这是最高潮的部分，更难得的是，这是他临场发挥的，连导演都难料的高光部分。完全满分，立住了这个角色！ 他没上过超话，不懂网络用语，刚用上支付宝。虽然都说他像是2g的老干部，我不这样认为，他明明演活了一个30出头的懵懵懂懂的暧暧昧昧的大男孩。影片结束后，有记者问他为什么能演的这么好，他回答：我演的时候不是我在演，而是我就是！回答太完美了，演员不就是应该这样吗！这一部免费电影没让我氪金，是我最大的遗憾吧！ 后来我终于如愿的花钱了，我为他花31元人民币看了这部《琉璃云歌会》，但是我觉得很值甚至超值，31美元都不过分！剧抛脸说的就是他吧！这么多年，内地各家粉丝吹嘘自己家的演员什么剧抛脸，我都是呵呵一笑，甚至觉得不可能有这样的演员，怎么可能有不带自己标签的演员。但是这回我发现有了，完全填补了国内的空白。你看他的黑脸，完全不是化妆技术能调出来的自然。近而你就会发现，啊，颜值真的一般甚至丑，完全符合人设啊！你再对比两部电影中扭捏的样子，816时是甜甜的扭捏暧昧的扭捏，这里是生硬的抗拒的扭捏，马上完全就能分辨出两个不同的人物角色！你看他同样的失枕，816是偏头失枕，云歌会就是偏不了头的失枕，这两种动作设计，为人物性格增色不少！你看他对她的态度，从816的暧昧，到云歌会的视而不见。让你清晰的区分两部电影的主题！不，云歌会还有一个埋笔或者说是伏笔。这部戏中，始终有个第三者，他在几次的问答中都有隐晦的表忠心，不知道有没有和我一样细心的观众！所以，他看似都是在答非所问，其实是另有深意！这也为他后续的电影埋下深刻的一笔：他的电影，他和她们的电影，他只和她们的电影，将继续！影片结束，我久久不能入睡！回味无穷！三音绕梁！激动的无与伦比！哭得酣畅淋漓！中国电影界终于有了新希望！这种让你分不清真假，情绪两极化的表演方式，只在一个月内就能表现的如此行云流水，毫无表演痕迹！我只能说，这钱，花的值！成毅确实能称上演技天花板，这种稀缺人才，决不能让张东升带他爬上，昊辰也绝不可以使用天诛，让他在浏览器的世界里，自由翱翔吧，他值得！
最后，影片的后续：今天，他哭了！",355.0,34.0,149
6,6,35208489,琉璃收官云歌会,f1570ec9dbcc75e3c2983cda7e19d80d,c538bf77df6aaf8360affe41f276ebf1,1.0,2020-09-27 17:42:28,927了，云歌会过去七天了。还有人在说，说独美职场霸凌是在抹黑他。 说从细节看人都是在脑补，我就EMMMMM？ 难道IE都是在真空里长大的吗？ 如果说真的打人骂人，那倒还是个爽快人。 真的被孤立过的人，都会知道，真实世界里，被室友，被同事，被同学孤立，从来不是被打被骂那么轰轰烈烈的。 一群人说话的时候，你一说话，就没人接话了。 体育课两两分组的时候，你是被剩下的那个。 他们之间互相分享吃的喝的玩的。你买了东西想要缓和关系，给他们吃，他们就礼貌的拒绝。他们分享吃的时候，你说我也想吃他们的东西的时候他们告诉你吃完了。 他们之间互相相约着做着做那，每次到你的时候他们告诉你有别的安排。 有人提到你的时候，他们之间互通眼神，你却不知道他们什么意思。 这是成人世界的霸凌，你要指责他们吗？ 可是真的他们确实没对你做什么。一桩桩，一件件，他们都可以说自己确实有事，确实没想到接什么话好，确实吃完了，只是互相看了一眼，没别的意思。——这像不像IE洗白的说辞？ 如果真的什么都没有，那为什么身处其中的人就这么难受呢？ 那些所谓什么都没做的人，他们真的不知道你难受吗？ 所以，“什么都没做”这句辩解，既可笑，又无耻。 他们口中的“什么都没做”，没错，就等于霸凌。 IE是真的跟现实世界脱轨，还是故意洗白？如果真的跟现实世界脱轨，那我还真的挺羡慕的，他们从来没有这种难堪的体验。如果是故意洗白，其心可诛，真的没有一点善良可言。 那天的场景，如果有过被霸凌经历的人，我想一下子就能懂吧。 云歌会就是经典的霸凌现场，我可以这么断言。 好在，这次，这么做的只有独美一个人，感谢小银花递的纸巾，感谢腾蛇，没有让场面变得太难看。   随便转载。望传播。,26.0,,3
7,7,35208489,琉璃收官云歌会,b2c7041a8794b36675fd9e3fd1aa02fc,74fdd90e54461399c878caeb90b3d2e2,1.0,2020-09-25 14:13:47,"更新一下：我已在315和12345平台上上传了“假唱”投诉，因为需要提供证据，而优酷官网上的剪辑好像已经把那个话筒的场面替换成观众镜头了，所以我自己剪了一个，只有2.5M，任何平台都能上传。分享在这里，链接永久有效，有意愿维权的姐妹们欢迎自取：
链接:https://pan.baidu.com/s/1Lrb3VMgBxFhSn3KUYnVl1w  密码:jzxb 原文： 不管你是剧粉、唯粉、男主粉、女主粉还是Cp粉，只要这一次你付了钱、打了赏、贡献了收视率点击率从而间接促进了广告费收入的增长，你就是一名消费者。 不管你是演员、经纪公司还是平台，只要参与了这次活动你就是服务提供方。 不管你在哪个行业，只要你在经营，都要遵守最基本的市场规则：我付钱，你交付。 什么行业游戏规则，什么资本运作利弊，作为一名消费者，我没有义务去了解！ 什么打工仔，什么不容易，让我去体谅一个我压根不认识、也无从了解他真实性格的人，荒谬至极！ 事实很清楚：我看了你的宣传，我付了钱，结果你们几方联合起来给我们整一出挂羊头卖狗肉，职场霸凌，假唱现场的把戏！ 那么多消费者看完之后几天睡不好觉吃不下饭没法好好工作，原先被剧集吸引的粉丝完全无法再继续享受剧情。他们的欺诈行为已经对消费者造成了严重的物质和精神伤害。 不仅如此，看看海外观众对这个活动的评价，国内无良商人一点龌龊的小心思小动作正在产生涟漪效应，影响了海外粉丝们对国产剧的印象。这不仅仅是某个公司某个人格局大小的问题，也不仅仅是丢人丢到国外去这么简单！其中深意你们好好想想！ 消费者投诉维权天经地义，且有法律依据！ 娱乐圈乱人人都知道，哪个国家不是这样？ 但那些恶心事与观众无关。有什么利益纠纷自己私下解决，拿到观众面前耀武扬威，唯恐人看不出来，让我们收费观看不说，完事了竟然还有人告诉我你们被坑是必然，这就是现实，认栽理所当然？！ 我从不认为存在即合理，也从不认为向来如此便对了！这种没有诚信不尊重消费者的运营手段和公司就应该在这个行业彻底消失！我坚决315举报到底。 网暴 90%的CY粉丝都在说：求求你们别“网暴”哥哥了（这几个字打出来我起了一身鸡皮疙瘩）。 什么是网络暴力？人身攻击。网上有吗？有的，诸如人丑啊、人品差啊，我也看到了，的确不好，有严重的我也顺手举报了。 然而有更多更多地观众们是在诉说自己的心痛，是在诉说这场活动对剧集本身的伤害，以及对HR公司以及CY行为的批评。如果你们认真看了就会发现绝大多数的评论都从云歌会上公司和男演员的安排和行为出发，发表自己的观点。 这叫合理批评，不叫网络暴力。 如果你们认为这是网络暴力，难道我们所有人从小到大都活在家人和老师的语言暴力当中吗？ 用一个大大的帽子“网暴”扣在所有评论的身上，恰恰证明了被批评者没有直面批评的勇气，心虚。 到底该骂谁？ 如果我今年17、8岁，看到自己心爱的偶像被人骂，我的第一反应也许也是骂回去。但请各位正值美好青春年华的少女们再想想，观众到底为什么愤怒？ 公司操作不当 =》演员表现糟糕 =〉糟糕的观感=》观众愤怒 =》扑面而来的批评和攻击 这件事的根源在哪里？你们真正应该针对的是谁？ 当一个公司干涉演员个人权力到如此地步，并直接导致了消费者们的愤怒，你们是去骂那些和你们差不多年纪互不认识的小姐姐小妹妹们还是去骂那个真正的罪魁祸首？！ 如何才能真正地维护心爱偶像？ 你们有没有想过，只要这样无良的公司存在一天，就会有下一个云歌会，下下一个云歌会，你们要一次一次继续骂下去吗？",30.0,,9
8,8,35208489,琉璃收官云歌会,2adbf3d3913aef60b888d0ad78ea9f58,48654a2f96ffd3f266a3e71ced8e695a,3.0,2021-07-14 20:45:58,"对《琉璃收官云歌会》还有什么不清楚的，请一定要看这个视频，很短，不到9分钟，希望路过这里的您能有一个清醒合理的判断！！！ 【【琉璃云歌会】资本裹挟黑公关——你我沦为免费水军（深扒""琉璃云歌会""那些是是非非）-哔哩哔哩】 【琉璃云歌会】资本裹挟黑公关——你我沦为免费水军（深扒""琉璃云歌会""那 一切只为守护一个把真诚全部奉献在戏里，踏踏实实认认真真演戏的好演员而已！！！ 





谣言是怎样让你我变成无形的水军？被带动情绪自诩为正义的路人，实际上只是黑公关的工具人。多少人在不知不觉中沦为免费的水军？有时你们看到的，只是幕后推手想让你们看到的。一张截图就能让人冲动愤慨伸张正义，辩驳的人早已力不从心，最后只能在沉默中自闭。 





9月20日晚上，某酷办了一场《琉璃云歌会》，给这个不算火的剧一个收官，其实就是割韭菜。本来预热也就那样，内场座位都没坐满。但剧中男主成毅，却在一天之内被骂上8个微博热搜。包含两个高位热搜，几小时内狂掉粉近十万。各种营销号联动发稿，说他素质差不尊重女性，直播会全程冷漠黑脸…… 说他没有职业道德，没有绅士风度，司凤滤镜碎了一地。说女主落落大方，却全程被孤立，被排挤，被冷暴力，被职场pua，女主后边都受不了哭了。low瑞仇女，诈骗，女主实惨，心疼女主！很多剧粉也在说，是成毅亲手杀了禹司凤，连最后的体面都不给吗？司凤很好，成毅再见！掉粉你活该！做人不能有点职业素养吗？不能尊重别人吗？不明真相的吃瓜群众一看，好家伙一堆男的挤兑一女的，看男的被骂，先上去骂两句再说。但实际情况是啥样呢？ 





成毅今天被骂这么凶，难道是在琉璃云歌会上打了女主吗？成毅：说出来你可能不信，我被骂这么凶，不是因为我对女主做了什么，而完全是因为我对女主什么都没做。我不混粉圈，但爱凑热闹，经常冲在吃瓜第一线，看娱乐圈生花撕逼不亦乐乎，我以为我早已经见识过大风大浪，没想到依然被这种神操作震惊了。 一个破歌会值得上8个热搜？拜托剧都没火起来啊！毕竟我也真情实感地追过琉璃，当初也满脑子都是司凤，但是自家房子塌了的感觉真不好受，但我说实话，云歌会没看出有什么不妥。就是看直播的时候尴尬的一批，脚趾能抠出一栋别墅。 





成毅的直播一直都是这样，向来都很尴尬。但这最大的锅应该是主办方的吧？没啥创意，流程混乱，话筒频繁没声音，而且不知道后台出了什么事故，明明主持人已经报了幕，又拉两个观众上来拖延时间。但尴尬归尴尬，也不是什么大不了的事。说他全程黑脸，不尊重女性，存粹是无稽之谈啊！！！ 尤其是说他没有职业素养的，真不知道该怎么说，感情让大家疯狂的禹司凤是从天上掉下来的？我好奇去围观微博豆瓣评论，里面吵得挺猛的，但我也被秀了一脸，我一直以为只有流量才有粉圈，原来电视剧也有，这还有派系？还有男主粉、女主粉、剧粉、角色粉、cp粉、真人cp粉、还有毒唯、双担…… 我乱了！！！ 





反正大概情况就是，男主在直播期间没跟女主互动，没给观众撒糖，加上男主本就拘谨，直播效果差，于是引起了粉丝的不满，感觉25块钱白花了。这里面主要不满的是一部分cp粉，尤其是粉真人cp的，加上脑子一热的部分剧粉。于是节奏被带得起飞。 但是这剧播出期间那么多高光时刻，也没上过几个热搜，带男主姓名的更没有，怎么一个尴尬的破歌会值得让男主上8个热搜？我不信没人搞他，有人在发鸟难财。半佛老师曾经说过，请大家在看瓜的时候，先养成找利益方的习惯，这种瓜吃起来更爽。多考虑不同的可能性，多从利益的角度去思考，不要轻易被带节奏成为免费的水军。多少自以为伸张正义的网友，成了别人黑公关的工具人？ 





当你成为谣言的一部分的时候，你真的以为在吃瓜吗？你只是资本拿来用的夜壶而已。半佛老师说得好，我们看看这个歌会，他怎么就不尊重女主了？他怎么就不跟女主互动了？哦，他还真没和女主互动，那女主也没和他互动啊！！！那为什么只骂他没风度啊？反正我是没找到女主想跟他互动但他不理人家的镜头。 至于那张著名的职场Pua镜头，我也能扒出来。  男的就不能被职场Pua了吗？还有用女权，仇女做武器狙人的，我想说，你心真黑！！！！不过这找图找得我真心累，一个镜头一个镜头放大了抠细节，想想黑公关真特么不好当，不整点列文虎克真不行，说实话谣言辟到这剩下的我都懒得扒了。人的表情、动作行为本就很多种解读。 





听说这两天男主拍戏活动连轴转，三天仅睡了四个小时，采访的记者看他满眼红血丝，他本来就状态不佳。但那又怎样，路人会知道这些？你直播效果差就是原罪，你状态不佳我刚好能扒更多细节黑你，甚至还有源源不断的新谣言。他们扒细节累，我澄清的更累！造谣一张嘴，辟谣跑断腿！但解释了有什么用呢？ 大多数粉丝和吃瓜群众，只要被先入为主后就很难被纠正了。有些艺人粉丝多，战斗力强，就算这样也有很多明星的谣言辩都辩不清。某顶流被谣言，说他带粉丝网暴某知名艺术家，多少吃瓜群众以为是真的。而那些粉丝少的，被阴死的艺人更是尸骨无存。即使谣言辩清了又能怎样？半佛老师又说，你污蔑一个女生，男女关系不正当，是绿茶婊，即使你是造谣，但周围人看她的目光也会变得不一样。 





那么从利益的角度来说，主办方某酷和出品方某瑞脑子瓦特了？敢在直播活动中公然孤立女主？他们利益诉求是想赚钱，想让剧有好口碑，好继续割下一波韭菜。但挨骂能赚钱吗？挨骂能让剧有好口碑吗？挨骂能割到韭菜吗？观众又不是抖s，而男女双方都在避嫌，他们这么做肯定有背后的利益考量。 至于某瑞为啥让自家艺人这么急着去撇清关系，一点缓和的时间都不给，感兴趣的可以自己去搜一搜，网友时间线和骚操作都扒出来了。 经纪人和女主亲自下场炒cp 女主经纪人亲自点赞真人cp言论 演技不行是配音乔诗语的锅 当然，上面的瓜是真是假自己去查证。热搜top50只要能上榜，30万打底，但前后这么多热搜？嗯…… 但这只是开头，琉璃专组被疯狂删帖，哪怕是实事求是的演技讨论也不行，成了一言堂。 





资本就是有本事，让人开不了口。发动舆论打公关战，是个低成本高收益的操作。那么在这场黑公关谣言战下，谁是获利者？某瑞不是啥好东西，某酷也不无辜，怕被分蛋糕的既得利益者们也不干净，各方混战鱼龙混杂，谁都想分一杯羹。当然，这里面最大的获利者是谁，我就不明说了。
  PS：  截止2020年9月26日，            成毅并无任何商务资源            也未割过电子刊韭菜 接下来是经典公关案例： 第一步，孤立女演员，不互动，打好时间差，直播期间就开始带节奏，带职场霸凌，消费女权，diss演员及公司吃相难看的话题。一通操作猛如虎！热血冲动的一些人立马被带了节奏，激情开麦。但等到冷静下来，加上澄清反黑都有视频有图片，一部分开始清醒。 





然后第二步，开始嘴男主情商低，人品差。但凡稍微了解他的就知道，他这段时间疯狂拍戏赶进度，没时间看剧。琉璃都19年拍的了，这会角色还沉浸在阴郁皇帝李炎身上吧。怎么get到观众的点呢？而且他性格腼腆，不擅长社交，四年前就在舆论引导下被黑过一波，于是采访就变得一本正经小心翼翼。 这第二步非常毒，因为这很难被立马反黑，也很难解释得清楚，并且偷换概念转移视线非常地成功。想磕糖却没有磕到糖的剧粉被成功拉拢。就是可怜成毅这个娃，以后不知道又给自己带上什么紧箍咒…… 





其实也没必要非得分析个条理清晰头头是道，吃个瓜就行，但也别一时冲动下免费当别人的靶子，拉个炮灰来祭天，更何况这个炮灰，还是大家真情实感喜欢过的炮灰，想想都觉得血亏。还有那些喊着钱白花了的网友，咱冤有头债有主，谁收了钱找谁去，别靶子打歪了，白生气不说还没用。 你不骂收钱的，下次人家继续随便搞搞糊弄你。而且有些粉还狙自己人，在微博超话里挂素人粉丝，造素人粉丝的谣，人家粉丝在演员最低谷的时候支持演员很多年，你们随随便便就让人家遭受网暴，小姑娘真是造了什么孽？ 





评判一个演员的好坏，难道不是看演技和工作态度吗？男演员把角色演绎到位了，但剧外没给他们想要的营业，没哭着舍不得这个角色，就是不尊重角色？请大家不要本末倒置好吗！他剧里哭戏那么高光那么有共情力，歌会如果想装一下不是问题，可是他没有。 那些说～成毅杀了禹司凤～的人没有心，没有成毅的心血演绎，哪来这么好的司凤？一句话抹杀了演员几个月的努力，你们当时为之疯狂迷恋的角色，难道不是他吃透剧本，一个镜头一个镜头去呈现的吗？司凤从哭戏到打戏到内心戏，哪一点完成度不是敬业中的敬业？绝佳里的绝佳？演技拉胯过吗？假哭假嚎过吗？演得不好帅锅配音、编剧、对手演员过吗？ 





成毅才是最珍惜角色的那个人吧！哦，就因为嘴笨，倔强，没发违背内心的商业假糖，就成罪人了是吧！是，都怪成毅，没把演技用在生活里，所以就真的一个踏踏实实琢磨演技，从不想炒cp走流量那套虚的人，职业道路怎么就这么艰难？ 看看铺天盖地的舆论和数据，人品差，不尊重女性，又当又立，现在都是他的标签了。谁管你演技好，谁让你没有强大的公关团队，上月（2020年8月份）才成立的后援会，这就是现实。还有上升到男主人品差的，原来观众两小时的直播就能比他朋友同事更能了解他？ 





说到底舆论变成这样，眼泪是最好的武器，卖惨是最好的演技，营销才是最好的能力。说实话，我不是为他卖惨，他再可怜再辛苦了，他比我赚得多，但这世上比我过得好的人，多了去了。我为啥关心他？因为我也在看我的利益。我是个观众，这些演员不过是观众用来嗑剧的工具人罢了。 但挑工具人的时候，请大家多用点吧！别净挑些会营销的绣花枕头，然后被收了钱的营销号带节奏，去嘲讽一些没犯啥原则性错误，但有些许实力的演员们。 





成毅没多帅，琉璃也没那么完美，但他的禹司凤很有共情力，司凤的气质很特殊，是我从前看过很多古装男神里，都没有的那种温柔与坚韧。他踏实努力，能用心演绎出每个生动的角色，难道就因为短短两个小时的不如人意，就要抹杀他几个月呕心沥血创造的作品？ 他不过是个熬出头的“横店民工”罢了，你们解锁云歌会的钱，真觉得能进他的口袋？少些不过脑子发泄情绪的谩骂，多些对演员角色和演技的支持，至少这样，能让他有更多机会去演更多的角色，对他好，对观众也好。 剧里司凤说：如果爱一个人，因为没有得到回应，就要伤害他，那这样的人，也不会为人所爱，也不配爱人！！！！ 如果不爱，请别轻易伤害。",105.0,4.0,47
9,9,35208489,琉璃收官云歌会,d9894770be96aa6c242a83cde4dee19f,fa0b1c845f1fb23a4cc8451730307f81,1.0,2020-09-23 11:11:47,原来在成毅心里，司凤只是一只鸟，原来大家看琉璃看的只是一只鸟的故事。他把我心里最美的爱情给毁了。还让大家多吃糖。他压根都没看过这部剧，所以只能答出司凤是一只鸟。也没重视过剧粉。看了云歌会，当晚有多少人失眠多少为司凤这个角色伤心。为什么那么多人骂他，因为他毁了大家心里的司凤，司凤是那个护璇玑周全，哪怕十生十世。整个云歌会上，成毅对待女主就是你别靠近我，别靠近。你有毒。我也记住他说不炒cp这句话，请他以后做到独美，不要下部剧出来就炒cp，互联网是有记忆。免得再次被打脸。,134.0,,57
10,10,35208489,琉璃收官云歌会,5a57e89fd80983666311ad0dbb1aad17,fc50530a1afa73a394bd413f4df27bcf,1.0,2020-09-23 09:42:35,杀鸟刽子手男一号成毅，拒绝回忆角色，出现严重司凤无法回魂的情况，真是鸟无所依，造了什么孽，要摊上这么个肉身，全无格调极致下流； 大型排外现场，桌子底下的矛盾端到观众面前秀，真当观众是大法官还是陪审团，那就判不尊重人，全不知情识趣的人和公司死刑吧； 演员个人素质修罗场，答非所问，全无复盘思考，回答内容空洞肤浅，司凤=一只鸟，所努力的就是把一只鸟演好，那麻烦以后一直演各种动物吧，挺适合。 离了导演无法独立表演无法正常“念台词”的真实演艺圈妈宝男，敢情司凤的灵魂上的是导演的身，男一号只是一个皮囊容器。以后谁敢与一具行尸走肉产生共鸣，所饰角色不过全是为了领片酬，没有半点真心。 整体感觉，low low的制作公司想要捧一个工具人当太子，找了外姓女主来陪衬，公司一众艺人来组局，结果发现太子是刘阿斗，烂泥扶不上墙，本质就是个low穿地心的小角色。 德不配位，极致下流，杀人偿命，今日局面就是他践踏司凤的最好惩罚。,46.0,,0
11,11,35208489,琉璃收官云歌会,695cf7c586ccddfc0a40c33e0f8a91c5,e29a8b9938764df7f09bb56102627816,1.0,2020-09-28 23:19:49,"就事论事，看云歌会表现，男主被骂一点也不冤，不参加彩排导致假唱太明显被抓，全程为避嫌而黑脸，全程躲瘟疫一样躲着女主，女生哭都不看一眼，失了男人的风度，几次回答只谈自己，手拆剧初遇cp,不尊重花钱的剧粉消费者，伤了剧粉的心，后面采访中不知道弥补还口不择言讽刺剧粉让其多吃糖，激发起来剧粉一晚上怒气。 琉璃云歌会消费者是琉璃剧粉，她们花钱就是冲着初遇cp的服务去的，你作为歌会表演嘉宾是提供服务者，就是装也得装成初遇cp的样来满足消费者，你倒好手拆初遇cp，拿着琉璃剧粉消费者的钱砸着她们的锅，不骂你骂谁。退一步说，即使是个免费歌会，你全程躲瘟疫躲女主也失了男人的风度，也打碎了剧粉对你所演角色的滤镜。粉丝也不用科普你多有苦衷，你拍戏多敬业，你性格多善良，这些剧粉没时间没兴趣了解。单论云歌会她们看到了一个为了避嫌到不尊重剧粉，不尊重角色，不尊重女主的失了男人风度扭扭捏捏的男人，这样的人剧粉还能爱下去吗？",14.0,,6
12,12,35208489,琉璃收官云歌会,99ba6f0df4c5dcafc179655711349e1c,e42a9b07d6132ec62200dd1caa6c9a17,5.0,2020-09-24 10:05:24,"先说明一下：老阿姨人生第一次花钱打榜，虽然2000块不多，但是可以值这5分，对，这5分是给我自己的。
已知920在10万人眼皮子底下，发生了一起惨绝人寰的“凶杀案”，受害者是有些人心里的“司凤滤镜”，而行凶者是司凤扮演者本人。
作为一名普通刑侦剧爱好者，想把目前已知的客观证据理一理并保存在此。
客观已知：
    1.成毅出道10年，琉璃是他第一部上映并受到喜欢的男主剧。
    2.成毅17年曾遭受过严重网爆。
    3.欢瑞今年亏损严重。
    4.长安诺扑了，虽然和前剧太经典故事不受现在市场欢迎有关，但是更多的，是因为鹅蹭热度太过，早上超点初遇夫妇十世磨难好不容易大婚洞房，晚上就想让他喜欢另一个女人，引起剧粉路人粉cp粉生理性不适而抵制。
    5.成毅还有三部剧要上了。
      因为公司缺钱缺钱缺钱。
    6.公司老板之一在20号6点打飞的赶到杭州，出现在第11世拍摄现场。
    7.下午所有人都去了剧场排练，唯独成毅被老板叫去酒店，两人谈话内容不知。（代拍直播拍到了老板）
    8.晚上该领导一直在剧场二楼观看。
    9.8月16号单人采访里，记者问在新剧又和张予曦小姐姐合作感想如何。成毅回答：“我们真的是很好的朋友，很好的同事，就像公司上班一样。”
    10.尹涛导演说成毅和他都是戏痴。
    11.群访记者提问初遇夫妇发糖少，导演凑过去告诉成毅“那是戏里”。
提问：
   1.为何不让成毅参加彩排？
    2.为何舞台上成毅频频看向二楼？
    3.成毅这晚上这么做，动机是什么？
    4.他被网爆过，明知道结果会被骂还是这样做，到底是因为他就是傻就是情商不高，还是有别的原因？ 声明：没有洗白完全没有，他做了就是做了，不管为何，成年人要为自己做的事买单。他需要为自己的行为负责，并且正在承受中。 就像璇玑，捅了司凤就是捅了，不用洗，但是，其他人包括朋友包括灵兽，再不喜再不值，都不重要，司凤本人不在意就行了。 我喜欢司凤，更喜欢完美诠释了司凤的成毅，他不完美完全不是流量型有高情商，花絮沙雕采访反应慢，但是，我能理解并且喜欢就行了，没有脱粉。 追星嘛，按照自己喜欢的来吧。",4.0,19.0,27
13,13,35208489,琉璃收官云歌会,5d56f769a89f566be319180aef72d228,eadb233bb22501ab8c7668e7c2b6b5a7,1.0,2021-12-10 02:20:04,消费者都快忘了，洗衣粉还在洗呢。。 消费者都快忘了，洗衣粉还在洗呢。。 消费者都快忘了，洗衣粉还在洗呢。。 消费者都快忘了，洗衣粉还在洗呢。。 消费者都快忘了，洗衣粉还在洗呢。。 消费者都快忘了，洗衣粉还在洗呢。。 消费者都快忘了，洗衣粉还在洗呢。。 消费者都快忘了，洗衣粉还在洗呢。。 消费者都快忘了，洗衣粉还在洗呢。。 消费者都快忘了，洗衣粉还在洗呢。。 。。。。。。。。。。。。。。。。。。。。。。。。。。。。。。。。。。。。。。。。。。。。。。。。。。。。。。。。。。。。。。。。。。。。。。。。,,,0
14,14,35208489,琉璃收官云歌会,5d56f769a89f566be319180aef72d228,eadb233bb22501ab8c7668e7c2b6b5a7,1.0,2021-12-10 02:20:03,消费者都快忘了，洗衣粉还在洗呢。。 消费者都快忘了，洗衣粉还在洗呢。。 消费者都快忘了，洗衣粉还在洗呢。。 消费者都快忘了，洗衣粉还在洗呢。。 消费者都快忘了，洗衣粉还在洗呢。。 消费者都快忘了，洗衣粉还在洗呢。。 消费者都快忘了，洗衣粉还在洗呢。。 消费者都快忘了，洗衣粉还在洗呢。。 消费者都快忘了，洗衣粉还在洗呢。。 消费者都快忘了，洗衣粉还在洗呢。。 。。。。。。。。。。。。。。。。。。。。。。。。。。。。。。。。。。。。。。。。。。。。。。。。。。。。。。。。。。。。。。。。。。。。。。。。,,1.0,0
15,15,35208489,琉璃收官云歌会,ea83857fac77af80c2163280add42d11,20b897e19e2f6f5d0d8c65161c7a5b49,3.0,2021-11-19 22:36:53,"流程不尬，导演很可爱，各位主创都正经告别角色了。主办方还准备了11世的视频，并把二次创作的空间让给了剧迷们，很别出心裁的告别方式。 另：如果男主以后每次现身都捆绑司凤，这批人又会说是过度消费角色、吸血什么的。只能说有些热评看看就好，做成年人还是要有主见。看到断章取义式截图和黑通稿就顺势回踩男主，按头职场欺凌的“职场人”，你们不是拿钱办事就是戏太多。
至于指责男主对合作伙伴太过冷漠不够体面的，真的不怪路人把你们当成真人cpg。在场的所有人都是男主的合作伙伴，他除了对当时在同一片场拍戏的韩承羽，都没有什么互动（而且另一边不是导演就是要避嫌的对象，和其他人站得也远），在听其他人说话的时候都没什么表情，为什么没人说他冷暴力杨肸子和侯梦瑶？归根结底，潜意识里还是认为“司凤”对“璇玑”应该搞特殊，不能把“璇玑”和其他人一视同仁。也不知道一年多了，这些人出戏了没有。
说男主不爱角色，角色理解不到位的，还有言之无物的，前者应该是没看剧或者倍速跳着看，后者应该是阅读理解能力不太好，缺乏梳理他人逻辑的能力，或者先入为主了，根本不屑于去咀嚼演员的创作思路。 说他太过功利急着提纯的，显而易见化学学得不好。提纯是把混合物中的杂质分离出来以提高其浓度，他这种做法硬要说的话，是把自己唯粉里的真人cp粉分离出去，提高了自己唯粉的浓度。这反而是目光长远的表现，跟急功近利没有半毛钱关系。",,,0
16,16,35208489,琉璃收官云歌会,a87f106eb45a134af4c1086473c21615,8294e944680769b5ee67173a8e3ead4f,1.0,2021-11-06 13:32:28,没想到还有这么让人更真震惊三观的！表面卖2G网人设背地里却一边给合作女演员推荐滴眼药水可以消除眼睛里的红血丝，一边配合脂粉粉丝下场偷拍现场拍摄物料从未公开的花絮，恶意剪辑视频合集图片然后放出精心制作的黑料，在剧都播了一年后放出来买通稿为了报复920云歌会手断，黑对家洗白自己，原来早就留了一手啊，内娱还有这么心机的男人还真是第一次见！绝了，处处偷拍真是蓄谋毅久。真是牛逼，独丑粉丝在内娱只手遮天，没有顶流命得了顶流病，谁家没撕过，到现在还不放过前同事，请前同事独丑粉丝做个人！,,,0
17,17,35208489,琉璃收官云歌会,b8b30f8e48bddf73bda8fc2a2bdd3ba1,6c9e99b08e36bc83b4038054f253d826,1.0,2021-09-20 16:28:30,今天是云歌会周年祭 本来不想说啥的 但看到有洗毅粉把剧粉当死了的 又在给独丑洗 那就用文字版来复盘一下这场古往今来 绝无仅有 令人难忘的歌会吧（文字版原帖已经不存在了 还好用截图保存了下来） 成毅在云歌会上的表现如何 到底是被黑营销了还是因为他活该 相信看完这三千字云歌会文字版的人自有结论,3.0,,1
18,18,35208489,琉璃收官云歌会,5d54b5043edfab6a08785b9358e6f808,552fe715b361a53100ccca5587a2c908,1.0,2021-08-05 00:16:35,"她明明那么普通，却那么自信 袁冰妍家干的好事
赵丽颖：营销小赵丽颖
迪丽热巴：同学，袁是校花
赵樱子：与成毅合作，被袁粉骂老
张予曦：与成毅合作，被袁粉骂出轨df
杨紫：袁粉刷没有cp感，批皮杨紫粉丝骂男主丑，演技差等引战
宋伊人：被袁通稿艳压
张艺兴：营销二爷最爱的丫头，国内外追着跑，被卓伟爆料倒贴
陈飞宇：被陈红去片场警告不许作妖
秦俊杰：营销亲密照，结果是秦俊杰自己的手
成毅：营销见家长，内涵兔儿爷，送八个黑热搜，扣帽子网暴一年，到处刷司凤出轨和璇玑最配。
郑业成：埋线炒cp，被郑工作室勒令删除。袁片场ng次数多，恶人先告状。
刘学义：劝你自求多福，毕竟一个营销公司
袁冰妍自己大闸蟹小花，随地吐痰，扔戏服，掐男演员，摸蒋劲夫胳膊，撒谎去围读剧本，哭戏用眼药水，听雪楼演技被骂道歉，璇玑人设演错，片场迟到，粉丝多次私自放未播出样片…… 明明给导演让位，却被说职场霸凌女主，明明被人推，大家却都骂被推的，明明女主自己崴脚，大家都骂他不扶，明明女主假哭，大家都骂他不安慰女主，明明在忍着不掉泪，却被人说黑脸，明明演绎了最好的司凤，却被人说杀了司凤 云歌会就是成毅赴的一场鸿门宴。以莫须有的罪名挂黑热搜三天三夜掉粉八万拉踩一年，后来只要有cp营业出来都会踩上他一脚，辱骂他独丑之类，路人缘跌到谷底。而女主假哭假崴脚卖惨一夜涨粉六万。最直接的证据就是920云歌会还被女主的光禾营销写进了年度战报，作为成功的营销案例沾沾自喜！成毅连个营销公司都没签，只有一个大锅饭的拍剧公司欢瑞，这一年来不管怎样被黑也毫无反击。而女主背靠诺心，在新浪都有股份，眼药水未成年集资等这么实锤的事，不仅微博热搜没有而且b站也不断删帖删评捂嘴…幸亏这件事终于迎来了真相大白，如果女主的大粉不自爆，成毅恐怕要一辈子被骂下去，真相永远都浮不出水面了！ 袁冰妍杀死了璇玑",7.0,10.0,0
19,19,35208489,琉璃收官云歌会,7c8c90b1ac43c94f2f5ba78efc1ff7cd,e00fc84b004637a37126a591929b0f48,5.0,2021-07-30 13:42:52,讲真当时要不是营销号搞事情两边粉丝一直在wb上面撕我真的不会错过这样一部好剧 对！我真的不是因为男女主颜值和名气底才不看琉璃的！ 看了之后真香 明明是彼此成就就别再撕了吧 琉璃yyds 司凤璇玑yyds 腾蛇大人yyds 罗喉计都心疼的叫司凤“yyds” 有点想要让受虐癖邬童和玲珑凑一对来个三生三世是肿么回事,1.0,1.0,0
20,20,35208489,琉璃收官云歌会,b8c05397b0134e8afa98d40b2833bb43,7bb2731b383434ad9c5d9160bcc77e26,,2021-07-21 22:29:29,这不是袁卖惨演的戏吗，也就你的nc粉丝看，演戏哭😭😭😭😭不出来用眼药水，云歌会倒是挺能哭，要不是成毅谁认识你，被人带的小火一把，然后卖惨坑成毅，呵呵，像你这样的人品，演技又差，离糊不远了 这不是袁卖惨演的戏吗，也就你的nc粉丝看，演戏哭😭😭😭😭不出来用眼药水，云歌会倒是挺能哭，要不是成毅谁认识你，被人带的小火一把，然后卖惨坑成毅，呵呵，像你这样的人品，演技又差，离糊不远了 这不是袁卖惨演的戏吗，也就你的nc粉丝看，演戏哭😭😭😭😭不出来用眼药水，云歌会倒是挺能哭，要不是成毅谁认识你，被人带的小火一把，然后卖惨坑成毅，呵呵，像你这样的人品，演技又差，离糊不远了,1.0,2.0,1
21,21,35208489,琉璃收官云歌会,181165f5fb327283fb7d88dc603c77d7,2550e22e352a0ac2ceb72ced7d344051,,2021-07-18 02:22:30,袁冰妍，真的想问问你，你真的不知道自己有多虚伪吗？还是觉得戏里哭不出来，戏外踩着演活了司凤的男演员营销，只管自己上位，毫不犹豫的拉踩那个几次三番等着你滴完眼药水，还要努力维持情绪的男演员是理所当然？                                                   云歌会上，你说你深爱璇玑。那么你是被选中，负责把璇玑从书中带出来和司凤，和观众见面的人，应该是她最好的朋友，是她的思想与感情和观众触碰最好的媒介。如果你真的爱她，你就一定理解了你最好的朋友为何会爱上司凤，那个在她孤独寂寞背负深仇大恨的人生中护她爱她，用尽十生十世护她周全，把她一颗冷硬的琉璃心生生捂出了血肉的人。让她甘愿放弃仇恨感叹做人真好的人。那你就一定能在司凤和璇玑重逢的西谷，在爱人失而复得的惊喜与害怕司凤不相信璇玑爱上自己的焦急中，凭借着对璇玑感情的理解，自然而然留出眼泪。                                  可是你没有，在司凤终于敞开心扉，抱着你呢喃你来的这样迟，我真的很生气的动人心魄的告白中，你三番五次熟练的拿起眼药水，一边摆弄男演员，一边赶紧仰头，生怕眼药水在拍摄前掉出眼眶。我只看到了你号称深爱的璇玑，被困在书里无力的拍打与现实世界的厚厚壁垒，哭泣着说放我出去，不要这虚假的眼药水，司凤值得我真情实感的泪水，司凤需要知道！                                 可是你呢？璇玑选择了你带她出来和司凤见见面，司凤被完整的带了出去。可是讽刺的是，你袁冰妍压根没有把她从书里带出来，你压根就不理解她！你选择了把她封闭在书里，用可笑的眼药水敷衍真情实感的司凤…你凭什么号称自己爱璇玑？。                   你凭什么转过头来在云歌会上虚情假意的哭泣？你根本就没带璇玑出来过！你杀死了璇玑来到现实和司凤交流的机会！请你收回深爱璇玑的虚情假意的宣言，璇玑不需要你这样的媒介，你这样的好友，你是最最辜负璇玑的人，你需要跟她，跟拍戏时被你多次打断情绪，还完美演绎出司凤的男演员，跟所有期待与她见面的观众们好好道歉，为你造成的这样荒唐的缺憾道个歉。可是我知道等不到了，你只会捂嘴删帖，连一丝悔改之情都没有…璇玑已经有了一颗血肉之心，可你始终是个没有心的人…,29.0,1.0,15
22,22,35208489,琉璃收官云歌会,da3ef11e14d41a65017b7cc39f69d042,daf2e78a750f6f3f65ffe4152b107207,5.0,2021-06-27 20:10:31,一叶知秋，一叶障目，观众对演员的了解只能通过剧和其他营业，剧里，成毅演活了司凤，我相信他是一个自律、勤奋、敬业、有同理心的人，不然演不出感同身受！ 云歌会，有人因为他与女主没互动，就带节奏攻击他，却看不到他递了话筒，看不到他因为女主崴脚也侧身了，看不到他在听到众演员的感言时都含了泪，看不到他对剧粉的感谢，也没人去想，为什么女主玩游戏不选司凤队？为什么两人都不看对方？这么明显的公司行为，偏要怪男主一个人，还要上升人品，还要造谣辱骂，这是被什么迷了眼？ 迷了心智？ 云歌会是公司拆cp，具体原因不知！ 如果因为成毅在云歌会没有让你们如意，你们就要毁了他，这不是成年人该有的理智。成毅不是你们理想中的完美人，也没有你们说的那么不堪，他只是一个认真工作的普通人，他专心做好自己的工作，静待剧粉的评价，而他本人，若你不愿意去深入了解，就未知全貌，不予置评吧！不了解真相，就造谣辱骂踩人的是黑子作为。 日久见人心！ 三年、五年、十年、一辈子，我会看着成毅，验证我的眼光！,2.0,1.0,0
23,23,35208489,琉璃收官云歌会,17e5f8df9f824e3a4a58cdfac105406e,c12d5dcb15753dba8a8839019a83bc79,1.0,2021-06-09 22:17:14,很好奇，也一直没看。也挺好奇是怎么被骂的，不磕真人的我感觉应该没啥失望吧，就在b站看看。 ……歌都是不对剧情的人物唱的，开什么演唱会啊，好奇怪啊我的天，有什么意思啊？？？？？ ……玩游戏尬得我按跳过，这气氛？？？？？？？？？ ……画图那里，问女主哪个画的好，说交给导演决定？？？？😳  …… 主持人问男主喜欢哪一世。男主：十世过的很快，都在吐血？？？？什么意思？意思很血腥很痛苦？在我们观众看来并不是哦，而是很唯美很浪漫很触动很感人的。呵呵。原来我在看个寂寞。鸟鸟是个角色人物，他还是在我心中。而男主真人再见了您嘞。感谢让我出坑，艹 不过，导演有感触也很圆场。真的很好 不过吧，还是很喜欢这个剧，因为我没有把真人带入剧里。平行世界的故事，与真人无关,2.0,,0
24,24,35208489,琉璃收官云歌会,eb51d397c1609724266137dc18b086eb,81197c2d02b3a7c54cbd498ce55a73c8,1.0,2021-06-06 21:32:13,2020.9.20号那天晚上被气死，但我仍对司凤抱有希望。至今仍未骂过成毅。可是也看清了一些事实，看到2021年仍有人点赞我微博的云歌会评论，气的要死，所以来补上云歌会该得的一分。不黑，但是避雷他所有剧。祝真情实感追剧人都能得到该有的尊重，祝网络冲浪人都不要遇到洗毅粉那样的人。也希望所有尊重观众，爱护粉丝，用心做好剧的剧组，演员得到该有的待遇。有些人确实不配。,8.0,,1
25,25,35208489,琉璃收官云歌会,30a23eada3bc9177e41e394c985a21a0,de1d4b761a2f5704671dde0f6ee5606e,3.0,2021-05-31 16:35:31,"云歌会恶意截图造谣成毅职场霸凌，孤立，不尊重女主澄清链接https://www.bilibili.com/video/BV1654y1E7qP?spm_id_from=333.999.0.0    【成毅】琉璃云歌会真相“一场鸿门宴罢了”_哔哩哔哩_bilibili 云歌会袁冰妍真的哭了吗？    我在梨花带雨，你在龇牙咧嘴——致你那薛定谔的泪水_哔哩哔哩_bilib 琉璃袁冰妍剧里处处滴眼药水真的爱角色吗？    眼药水哭戏大赏_哔哩哔哩_bilibili  ⚠️被推的是视频片段截取，前因是刘学义中途赶来参加云歌会，成毅一直看向他上台的方向，并没有注意然后被推，舞台站位移动过程被恶意截图（详见动图）视频33分38秒处  https://b23.tv/BV1fk4y1y7mg 





演员一侧上台成毅没注意被推（动图） 恶意截图造谣不愿靠近女主不尊重女主 饭拍高清舞台站位移动过程被恶意截图（详见动图）视频33分38秒处    #成毅# cy #琉璃云歌会# 第一次发_哔哩哔哩_bilibili   ⚠️舞台上一排人，女主告别角色感慨落泪，与演员无关，成毅在别人发言期间也一直点头鼓掌表示尊重（详见动图）并无黑脸合作艺人，云歌会没有安排男女主互动节目，相互避嫌（双方都没有互动！看完全程也没见女主跟男主互动），无矛盾 。 





女主发言成毅一直点头鼓掌（可戳动图） 恶意截图造谣黑脸女主 





歌会结束采访（动图） 对于剧的告别与不舍，同场环节小银花肸子也是哭得稀里哗啦的，不存在职场霸凌，孤立  





肸子发言（动图）  ⚠️816有两场直播，一场抖音，没什么互动，被剧粉喷，然后几小时后优酷直播中有了剧情还原（还原片段部分为导演现场选取）等互动（详见动图 ） 





816直播剧情还原（动图）  ⚠️816直播剧宣传，男主问女主来哪一场心动？女主cue导演，成毅才问的导演，女主也示意让导演指导，之后导演选取了山洞的情节，是两人都没听懂题，而不是成毅主动cue导演 





女主cue导演视频截取可戳动图 ⚠️直播中应导演要求还原剧情 





直播后采访还原剧情的回应动图  ⚠️所谓职场霸凌，孤立演员，女主前一秒还有说有笑，后一秒低头动作就恶意截图被孤立 （详见动图） 





造谣职场霸凌女演员（动图）  





恶意截取视频（动图可戳） 恶意截图带节奏断章取义造谣演员被职场欺凌   恶意截图  女主中途不在舞台上是去后台换装发及采访，游戏环节抽签未被抽中没有参与画剧照游戏，也是在舞台上和主持人有互动的，并不存在孤立演员  袁冰妍直播中途后台采访加拆头发视频 链接 https://b23.tv/BV1K54y1s7uk￼ 





后台采访动图 ️云歌会群访男女主回应发糖少 ，女主对男主说的表示赞同，演员之间无矛盾（详见动图）
￼ 





男女主回应发糖少（动图） ️521关注女主，炒真人cp？成毅521关注女主是新浪电视发布琉璃花絮at了男女主，发布时间为18:30 ，成毅配合宣传转发微博时间为19:16，声明是“小凤凰”的521，然后关注了女主，2021年我看成毅的关注列表只有68位，都是合作过的演员导演，剧播期间男女主互动微博只有两条，说他炒真人cp就有点离谱了  断章取义说不尊重纸片人司凤，原话是 “司凤和大家在这个夏天见面 是我的幸运 ，也是因为有你们看剧的人才让他更完整，谢谢你们，谢谢你们爱着司凤” 
￼ 





可戳动图 发言是根据看过网友留言，网友留言有to初遇，也有to演员个人     (前面发言有强调，感恩感谢的话说了很多，他们都说的特别好)随后补充电视剧播完，期待演员成毅 
￼ 





可戳动图  遇是很奇妙的事情”出自琉璃原著，成毅在十四郎的微博互动中感谢作者的创作，感恩遇见司凤！
  还有关于说是鸟的言论，导演在发言期间有调侃是动物世界，(鸟的发言跟导演说动物世界导演跟大宫主在0:08分开始就有说了)其他演员随后发言也有说狐狸，蛇，男友力的发言武力值超强，比鸟展翅动作是跟导演对话、台下观众的互动(详见饭拍高清37分34秒处视频  ￼h￼ttps://b23.tv/BV1fk4y1y7mg）
￼
￼ 他的发言在很多人眼里不完美，但绝对没有不尊重或者霸凌同事，玩了游戏，唱了歌并没有黑脸，还有质疑假唱的可看饭拍视频 ￼h￼ttps://m.weibo.cn/5255430138/4551381652603150 
  ⚠采访链接  ￼h￼ttps://www.bilibili.com/video/BV1pV411S7oC
￼
￼ 





每部戏都是群体艺术（动图） 成毅只想踏踏实实做好当下，用心演绎每个角色 （针对评论说成毅飘了的言论，详见动图）
￼ 





动图 





对人气的回答（动图） 如果一部剧播了，肯定是因为这个角色，可能被更多人知道和看到了，那么我觉得作为演员来说肯定是开心的，至于八月男友的称呼，对于我自己来说，我觉得可能不敢担当，我觉得自己需要进步跟努力的空间还是蛮大的” （动图）
￼
￼
￼ 





对八月男友称呼回应（动图）  ⚠ 采访链接  https://b23.tv/BV1X54y1e7yK
￼
成毅真的是一个不理解自己角色、不敬业的演员吗？微博上琉璃拍摄期间及在播期间工作人员的日常微博碎碎念及评价，当然演员拿着高薪不需要我们为他卖惨，但对工作的敬业态度，尽自己最大努力让角色更出彩，是对看剧的观众来说最好的回馈不是吗？
 剧组工作人员A
￼  工作人员B
￼
￼  真人CP  ￼￼和网上恶意截图 h￼ttps://www.bilibili.com/video/BV175411E7vi/?p=1
￼
￼ 【琉璃】那些年，你都吃过哪些 洗 脑 包_哔哩哔哩_bilibili 
￼恶意攻击演员  【琉璃云歌会】资本裹挟黑公关——你我沦为免费水军（深扒""琉璃云歌会""那  视频链接 https://www.bilibili.com/video/BV1454y1y79L/?spm_id_from=333.788.videocard.0 ⚠️云歌会群访回应发糖少
￼h￼ttps://m.weibo.cn/status/4551583373989923?
 ⚠云歌会完整 
优酷官网
 https://so.youku.com/search_video/q_%E7%90%89%E7%92%83%E4%BA%91%E6%AD%8C%E4%BC%9A?searchfrom=1 哔哩哔哩完整  云歌会完整版_哔哩哔哩_bilibili   ￼
￼ 琉璃直播汇总 ： 816有两场直播，一场抖音的 ￼h￼ttps://www.bilibili.com/video/BV1Up4y1v7xi?from=search&amp;seid=9075850237652411369&amp;spm_id_from=333.788.b_636f6d6d656e74.243 被剧粉喷没有互动~然后隔了几小时后816第二次优酷直播就有了剧情还原互动，卡音乐比心等互动~ ￼h￼ttps://www.bilibili.com/video/BV1wV411S7xB?spm_id_from=333.788.b_636f6d6d656e74.244  826还有琉璃男团加小银花直播，可以看出成毅在剧组忙碌没时间看剧~甚至跟不上很多梗~可以看出他2G网络 ￼h￼ttps://www.bilibili.com/video/BV1wt4y1S7ZL?spm_id_from=333.788.b_636f6d6d656e74.245  然后就是920收官会没有安排互动  云歌会 优【酷视频】￼h￼ttps://v.youku.com/v_show/id_XNDg1Mjc1MDQ2MA==.html?sharefrom=iphone&amp;sharekey=abd10ab716487cadffc94ced9466421a1哔哩哔哩￼h￼ttps://www.bilibili.com/video/BV1CK4y187d8    【饭拍高清，这个超级高清，观众视角】￼h￼ttps://www.bilibili.com/video/BV1fk4y1y7mg?spm_id_from=333.788.b_636f6d6d656e74.246   
成毅采访 小汇总：避嫌说的是男女主的互动，针对造谣说他黑脸的言论，有说男主回应采访比较倾向于个人自私，我不认同，歌会上的回答是~发言有说到” 【感恩感谢的话说了很多，他们都说得特别好，也是我内心想说的，其实我想说我们才刚刚开始，一定会让你们看到更多好的作品，（视频1:03：19处 https://www.bilibili.com/video/BV1fk4y1y7mg 】“ 【“司凤和大家在这个夏天见面是我的幸运，也是因为有礼貌看剧的人才让他更完整，谢谢你们，谢谢你们爱着司凤，之后补充一句，司凤虽然和你们说再见了（琉璃收官会，这里指电视剧播完）但是成毅还没有和你们说再见（期待演员更多好作品，可以看同个视频说的，“我们才刚刚开始，一定会让你们看到更多好的作品”）” （视频02:04处 https://www.bilibili.com/video/BV1Qi4y177pF ）】 
 对于一部剧的热播和热度，成毅是没有私心的，【如果一部剧播了，肯定是因为这个角色，可能被更多人知道和看到了，那么我觉得作为演员来说肯定是开心的，至于八月男友的称呼，对于我自己来说，我觉得可能不敢担当，我觉得自己需要进步跟努力的空间还是蛮大的，这戏也刚刚开始播， 如果大家喜欢这部剧，就一定要追下去。】 【感觉自己有走红的感觉？成毅：只觉得微博留言变多了，肯定是这个戏在播】 【你对人气有一些特别的渴望吗？成毅：我觉得我也没有想那么多，目前的状态就是，踏踏实实把目前这个角色做好】（ 视频07:24处开始 https://www.bilibili.com/video/BV1X54y1e7yK）】包括采访记者提问网友评价司凤是史上最美强惨男主，【成毅：这个美强惨真的不敢当，只要观众能看到我们这部剧，喜欢这部剧就非常非常开心了】视频39秒处
https://www.bilibili.com/video/BV1kK4y1Y7W4/?spm_id_from=333.788.recommend_more_video.30
演员成毅对于自己诠释的角色的喜欢程度：【让自己的兴趣培养这个角色，让自己去建立这个信念感，让自己去相信，去喜欢这角色】 视频04:32 处 https://www.bilibili.com/video/BV1kV41187tC 综上采访说成毅对个人热度跟这部剧有私心是不存在的",18.0,2.0,20
26,26,35208489,琉璃收官云歌会,f9a87a2d59968bc7dd11a7a8de7a0f50,10262fd7015ff4691b721ed84c4ec28d,,2021-05-21 16:35:28,豆瓣竟然把一个收官活动分类成真人秀挂在演员的下面，可以进来，可以随便说随便评，哈哈，这是要将某些人永远的挂在耻辱柱上吗？太可怜了。 可怜我们的小凤凤熬了十年终于在娱乐圈火出一个电视剧，刚火，嘎~就被钉上耻辱柱了。还走到哪挂到哪儿，可怜啊。 不过都是在娱乐圈混的，谁不是这样背锅前行呢。 知乎上有个问题：成毅拆cp到底做错了什么？还有很多人问一个问题，成毅怎么才能从920这洗白？ 抖音主播说得好啊，不是不让拆，剧播完了，谁都想拆，但是吃相太难看。就这么回事。把丑相挂出来给观众看，观众不舒服了。就这么回事。 不管是狗瑞还是他本人的主意，反正这个锅是他背了。 另外一个问题：这个黑，他还能洗白吗？ 能啊。能啊。说多少话都没用，解释也没用。狗瑞有能耐把女主弄过来跟成毅正常互动，好好交流，搞那么两三次，黑锅全洗白。 行吗？有这能耐吗？没有就背着吧。,3.0,,0
27,27,35208489,琉璃收官云歌会,6dca640d3063c635b91af1a21c00e92f,786c5e12805d1db7dda4cd80484ef38f,,2021-05-02 10:28:02,纯吐槽：这台“售后”演出毫无诚意，道服化音效灯光啥啥都不行，感觉就是剧粉cp粉非得要售后，制作单位不情不愿的，把BTS+歌曲+互动搬到台上随便给凑合一台算了，掰腕子也算节目？其他cp可以站在一起，导演全程杵在男主女主之间，不要太明显好吗，根本就是不得已请女主来又不待见人家。 勉强看完的，因为好奇为啥ygh和cy被骂到这么惨，其实cy全程黑脸情绪差也可以理解，男女主拍戏时总要培养点儿感情，才有化学反应才有cp感，就算不是情侣，拍完戏马上被要求抽离情绪零互动拆cp搁谁心里也不好受，反正我是做不到，当然他们是艺人，所以要永远专业不能有一点儿个人情绪？可是真挺难的，人不是机器想怎么设定都行，这事我觉得怪不着男主。女主也是可怜（or无奈？）这种情况直接不来算了，ygh票房不好or搞不搞的成关我咩事？爱谁谁！,1.0,1.0,0
28,28,35208489,琉璃收官云歌会,e16e6eac35f9226ae2536f0249f41225,83f021a78fd8265c1cfc3f93da7caa40,1.0,2021-03-26 23:10:10,之前很少关注袁冰妍，通过琉璃这部剧看到了她。她长得很耐看很舒服，不是那种塑料整容脸。看过她几次采访，是个礼貌有涵养的菇凉。她不是那种附和资本的人，做人做事都有自己原则。可以看出来她是位优秀努力的演员，不是太爱炒作的那种，这点其实跟cy很像，他们是一类人，只想好好演戏。云歌会，她真的在用真心去表达自己，她应该很爱璇玑这个角色了。感谢她塑造了璇玑这个角色。在演戏的爆发力和张力上，有进步空间，嗯，她是位好演员。祝愿这个菇凉越走越好。 司凤这个演员，演技还可以，前期的戏都是在面具下进行的，他对日常戏把握的略有点不够成熟，但是他的优点是爆发力和张力不错。看过他一路走来的历程，确实是个踏实的小伙子。 云歌会，他表现的不够成熟，首先是对自角色的不尊重，他的司凤对他来说是一只鸟妖，嗯，听这话，确实替司凤吐了口血。其次，即使面对普通同事，也应该给到尊重，不是说要做多亲密的动作，但是友好的对视，认真的倾听应该要有。最后，他对剧粉不够尊重，显然剧粉只是想透过这场云歌会跟琉璃告别，跟初遇夫妇告别，不是说多想看他们有多cp，多亲密，大家都是成年人，剧里的cp，只是剧里的，大部分人还是理智的，嗑完自然会忘记。刻意拆，确实没有必要。所以友好的告别，自然的表达感谢是最好的态度了。但是对cy，总觉得他不是看起来这么木讷，可能很多东西他自己无法传达，对他无法讨厌，因为他真的很努力很用心在角色里。嗯，既然无法讨厌，那就祝他也越来越好吧。真心的。 感谢琉璃全部演职人员，给我们留下了这个优秀的作品。,2.0,,0
29,29,35208489,琉璃收官云歌会,9933e57f83ecde63e8f5c448051b4543,d08301eb4c16e818eacb8806cd78992f,,2021-02-23 21:42:10,距离云歌会过去太久太久了。 但是这么久的时间里，除非剪视频的必要， 我再也没有主动打开《琉璃》 而且我再也看不得司凤那张深情含泪的脸。 我觉得——有阴谋！ 没错！ 我从坚定的初遇夫妇cp粉，变成了工具人。 一切都要从云歌会开始说起， 看完云歌会之后，我异常沉默。 打开某乎，发现很多人在争论云歌会，所幸乎还是正常的，diss成的人更多。 然后我看到了有知友，说起阴谋论。 司凤的太子身份简直败笔！ 我就想问问编剧，这么多的bug你圆的回来吗？ 昨天我刷到一个花絮（琉璃上星，所以放出了刘学义的花絮） 导演说「你是天帝的儿子。」 成毅「那我高贵着呢！」 花絮在此——https://www.iesdouyin.com/share/video/6930569205838351624/?region=CN&amp;mid=6930569352665500429&amp;u_code=2a11gdci37l5&amp;titleType=title&amp;did=2321820575598743&amp;iid=2058707880641628&amp;utm_source=copy_link&amp;utm_campaign=client_share&amp;utm_medium=android&amp;app=aweme 我：………………呸呸呸！ 我的天呐，果然，成毅你根本没有入戏吧，不愧是hr太子，编剧太懂了。 你们真一伙的， 思维都是一伙的！ 禹司凤天花板一样的人设堆成堆成！ 他一定要身份高贵，配的起战神， 虽然他武力值比不过战神，但只要他出手多，只要他阻止元朗推翻鸿蒙龙炉，他就是观众眼中的武力值王者，是拯救三界的英雄！ 你说说， 你这天花板人设该多么的辉煌啊！ 后来几集，我越看越心累。 圣父啊！ 圣父啊！ 晕(=_=) ——分割线—— 我想好好说一说那个《阴谋论》 天界与妖魔界大战，天帝父子俩全部躲起来避嫌。 这没错吧，没错吧！ 所以柏麟不得已杀了罗睺计都，创造战神，保留三界。 可想而知， 这一战！柏麟的声望该有多高。 想必天界诸神诸仙，早以柏麟马首是瞻！ 那天帝算啥？ 无能的吉祥物？还是怂逼的天界之主？ 柏麟一挥手，众仙听令，八荒臣服。 谁还能记得天帝？！ 天帝都在昆仑天天自己陪自己下棋了！ 我不信天帝不忌惮柏麟。 柏麟既得人心，又有三界最强战力——战神！ 那天帝必须要让柏麟失去人心，又失去战神！ 柏麟因战神而声名赫赫！ so——战神就是这一切的源！ 所以天帝第一步——赦免修罗族 修罗族是大患，就是因为修罗王野心勃勃，才导致三界大祸。 放虎归山无疑是大忌，他不可能不知道，可他为何要赦免修罗？ 因为他明白，以三界为主的柏麟，不会放过修罗一族。 而谁又能全歼修罗一族？ 只能是——战神！ 如天帝所愿，柏麟果然派了战神前去剿灭修罗。 无外乎那时，修罗王大呼——天帝小儿背信弃义！ 又诅咒战神——生生世世，亲缘，情缘，皆灭！ 这里有疑点！ 修罗王未提及柏麟，而是天帝，且他诅咒战神，听起来也十分诡异。 阴谋论在这里做下了解释——天帝一定将战神身世告知了修罗王，且一定与修罗王达成了某种协议。 双方谈判，条件交换。 天帝答应放过修罗王，而修罗王也一定是答应了什么。 猜测应当是，修罗王答应天帝隐瞒战神与罗睺计都的关系，且不再冒犯天界（实在打不过战神）。 或许两者还有更深的谈判——比如，共同的敌人柏麟。 也许两方决定合作，杀死柏麟。 天帝为权，修罗王为一血前耻。 而修罗王大概也没想到，战神追来！ 才说出「天帝小儿背信弃义！」 可惜战神没给他多少愤慨的时间，直接把他灭了！ 而修罗王怎能心甘？！ 于是乎，他残存的恨意，让无支祁将战神骗来魔界，告知战神真相！ 绝啊！ 天帝告知修罗王真相，这一步，便是用在了这里！ 果然，战神立马去质问柏麟，与他刀剑相向！ 昔日的恋人转眼变成为仇人！ 而柏麟果然为了三界大义，居然要天诛战神！ 这怎么可以！ 战神被诛杀，于柏麟不过是失去了战力，他得到的人心却更强了！ 所以羲玄出手了！ 天帝也现身了！ 时间就是如此的巧妙！ 就在柏麟说要「天诛！」 就在战神恨意最深的时候！ 羲玄为她裆下一击！ 我就请问一下编剧——天帝父子俩，大战前不出现，大战时躲起来，大战后，一个要赦免修罗族，一个天天去陪战神聊天。 你说这没有猫腻，我怀疑你把我的智商在地上反复摩擦！ 你能不能少写点bug，多一点对工具人的真诚？？ 果然，原本要被天诛的战神去轮回了。 剧里面有一句——求天帝网开一面！ 没有看到说话人的脸， 后来我去剪视频，将这句话与柏麟的声音放在一起。 好家伙！ 这居然是柏麟说的话！ 我的天，这到底是什么剪辑bug？ 前一秒柏麟要天诛战神，后一秒，求天帝网开一面。 这里我解释不通，如果有朋友看得懂的，可以答疑解惑一番。 继续收回来， 战神历劫，羲玄陪着。 这里我又阴谋论了——羲玄带有前世的记忆！ 他莫名其妙，自我感动一般的帮助女主。 如果是个正常人，都会觉得身边蹦出来，挡在自己身前，说着无论如何都会保护好自己，要记住他的人，是个脑子不正常的吧。 多吓人啊！ 一个男生，我不认识，突然跳出来，说「我爱你，我愿意为你做什么什么，只求你记着我！」 大哥，你闹哪一出呢？ 哪有这种不求回报的陌生人啊！ 正常人都是心底设防！ 所以女主前九世对他冷淡，还特别无所谓，是正常的。 要是这个人在我面前，说着各种爱我，然后愿意为我死去，结果他真的求死了。 我会懵逼——防着——解脱。 这才是正常人的思路了。 何况女主前九世的身世还这么惨！ 按女主那种戾气，去消磨她，不该是生活的幸福吗？ 越来越惨，是什么鬼？ 你这分明是助长她的戾气啊喂！ 阴谋论一下——是不是以为女主活在阴暗里，对于爱特别的渴望。 一旦出现可以对自己好的人，一定会千方百计的爱上他，为他不顾一切？ hhhhhhh！ 说真的，这都是那些病娇文，黑道文，高干文，宅斗文的常规套路。 结果女主不care这一套， 男主玩脱了吧，还玩脱了九次鸟命！ 惨兮兮！ 所以最后一世，他真的喝下了忘川水，忘掉了前世记忆，而战神掉进了忘川，没有了六识。 两人相见相知，不再是刻意了。 而小傻子璇玑，为他心动。 可是璇玑啊，你被pua了！ 跟我们观众一样，被pua了！ 这时候，请我们一起，抛弃上帝视角，站在剧中人的视角观看问题。 昊辰 / 柏麟 的思想路线是这样的 战神九世历劫失败，我得亲自去渡她 ——前九世她过的不好，最后一世，就让后土大帝给她安排一个美满的家庭吧（小说原版剧情） ——就算修为全无，逆天改命，重修气海，只要我想做，就一定能做到 【下界了，伤重时遇到师父，来到少阳，找到幼年璇玑，闭关十年，一出关便立马解决烛龙，救下璇玑】 【现在我有修为了，我要让璇玑也修炼！】 【四年修炼剧情展开！】 【璇玑下山了，不舍，她没有六识，怕你出意外。】 【璇玑遇到禹司凤了，禹司凤对璇玑影响太大，恐怕是个变数，不行，我得亲自下山带她回来。】 期间就是遇紫狐，摘下情人咒面具， 情人咒未解，元朗让璇玑种心灯。 璇玑说要寻找六识。 【明明在山上，璇玑答应的我好好的，不再找回六识，结果跟禹司凤在一起，就非要找回六识，禹司凤到底有什么阴谋？】 【原来禹司凤纠缠璇玑，是因为他要解开情人咒！璇玑单纯，不行，我不能让禹司凤欺骗璇玑感情！】 昊辰破坏心灯 【这样禹司凤该死心了吧，不会纠缠璇玑了！】 昊辰的心灯种出来了 【司命老儿知道了，尴尬，恼羞成怒！】 禹司凤当天晚上轻薄了璇玑（初吻） 【他居然还不死心！好哇！禹司凤，你非要纠缠璇玑是不是！】 针尖对麦芒。 小银花被告发！ 【禹司凤居然跟妖有纠葛！哦吼！我说他怎么这么上赶着追着璇玑！果然有猫腻！】 司凤被救，璇玑挡在他面前。 【璇玑居然这么违逆我！就因为禹司凤这个外人！愤怒！】 后来继续针尖对麦芒， 璇玑一行去不周山。 昊辰在不周山门口和元朗交手，受伤。 【禹司凤有问题，禹司凤有问题！】 不周山之行，禹司凤重伤。 【璇玑身体不适，我不能让她受险！救禹司凤，我来！】 （吐槽：服道化你怎么回事，你真能预知观众的脑回路，真给整了一身绿衣服，真会搞“昊辰.绿茶”这回事儿。 不过女主难得跟男二有款情侣服，虽是同绿，但cp党满足了） 然后昊辰吐血，还见到了女主嘴对嘴，用良缘花（昊辰送的）救男主， 昊辰：……被绿了！ 难怪气的天上打雷！ 接着禹司凤不见了， 还出现了妖气！ 嗯？有个鲛人医官来了，他说妖气是他的。 【哼，巧言令色，禹司凤与妖果然有关系！】 （补充：禹司凤重伤，小银花说要抓几个人给他吸血。 我的天，身为三界众生的我瑟瑟发抖。） （果然，妖就说妖，有好妖，但是坏妖更多！小银花还是主角团的呢，就这思想觉悟，这辈子肯定当不了女主！） 接着昊辰与其他掌门说起，自己与妖交手，并且设计安排，找出妖。 结果离泽宫全都是妖！ 好家伙！ 一窝的妖啊！ 还伪装成一个修仙门派！ 五大派之一，还不是小门小派！ 多慎人！ 【灭了离泽宫！嗯？璇玑你终于信我了吧，禹司凤不但跟妖有关系，他就是妖！我就说他怎么一直纠缠你，肯定是因为他知道了，你就是战神！他一定有阴谋！】 璇玑战神身世曝光， 禹司凤成了魔煞星！ 【禹司凤假认魔煞星！果然，他就是有阴谋，故意接近璇玑，一定是为了战神，我一定要保护好璇玑！】 禹司凤发来战帖（元朗发的，他背锅） 但是谁不是看他们是一体的！ 【禹司凤，你果然是为了统一妖魔界，冒认魔煞星的目的原来在这里，还想欺骗璇玑，要璇玑与你一起永坠成魔！】 昊辰故意寻死 【我一定要让璇玑放下对你的感情，哼！你别想蛊惑璇玑。】 禹司凤封印琉璃盏，离开。 璇玑想要解开琉璃盏。 【璇玑要放出魔煞星心魂，璇玑也不能留了，一切为了三界！】 魔煞星被放出，禹司凤上天界谈判。 【禹司凤居然是羲玄！呵！这个懦夫有什么资格站在我面前！】 天帝现身，真相揭露。 柏麟众叛亲离（除了他的下属） 战神彻底投身在天帝父子一边。 【原来这一切都是局！呵呵，这天界，哪还有我的容身之处，罢了，天帝父子都等着我退位呢，好，我这就散去一身仙法，我也了结这一切吧！】 【计都兄，我确实对你不起，我们都是天帝父子手中的棋子罢了！】 ——完结了—— 此为阴谋论， 此后，我看到司凤深情的脸，都无限循环，再也无法直接男女主的爱情了！,6.0,2.0,6
30,30,35208489,琉璃收官云歌会,b1c2aabb09ccefa79c418f08ccc8b1f6,da3cc2fffb061783037e909aa5495dca,,2021-02-11 22:31:50,之前剧刚播需要炒cp的时候，你是怎么做的?直播主动cue流程说要还原剧中名场面，搞得导演和女主一脸懵逼，结果女主当天就被骂上热搜，说人家倒贴。名场面还原完后还主动给人家递水，还开了瓶盖！怎么就你脚边有水呢，别人都没有，人家女主摇头了还硬塞给人家。后来剧播到一半你要别的剧要上了就疯狂拆cp，还让你的粉丝网暴女主说人家没演技，骂人家倒贴。人家要真没演技，一开始傻白甜的时候就会被群嘲吧。一个男的格局这么小。你粉丝还好意思说人家没文化？人家好歹高考是本科分数考上去。你呢就一北京电影学院的专科。人家女主从小就优秀，再看看你自己，配吗？云歌会之后掉粉了，还好意思买水军说你们两个在一起了，这是在保护她，我tm这是保护?作为一个大男人能不能格局大一点？别找老跟人家女孩子过不去行不行?,12.0,,0
31,31,35208489,琉璃收官云歌会,328dd660e7f0268d3bc1143cb7ca5f09,617b6e8b42f1e497dffc3693ea7615a9,1.0,2021-02-03 16:41:21,"我總希望我嗑的紙片人劇cp，下了戲他們仍是朋友，或至少是戰友，再不濟也該是相敬如賓的同事。畢竟同為一部戲親密無間的奮鬥那麼久：是全劇組半年來日夜兼程的努力、是所有演員的互相成就，才有了2020年夏天讓人難忘的「琉璃」。是笨蛋璇璣日常戲的靈動自然、是小結巴司鳳感情戲的共情力，才共同打造了那些初戀感滿滿的名場面。 上一次完整看完的陸劇已是2018年的Yanxi攻略，對於身處海外、長期只蹲美劇韓劇的我，2021年1月中才因劇荒在Netflix延遲追劇。從沒追過星、不知粉圈用語為何物、沒下載過微博/抖音/小紅書/B站/知乎、註冊豆瓣四年從不知還有專組。垂直入坑後才一一為了初遇夫婦買V披N、買軟妹幣，爬牆回祖國充會員、發帖跟上時代。可以說，所有的第一次，我都給了「琉璃」。 無數次聽聞嗑cp前必搭配雲歌會服用，但一直沒勇氣點開，今天終於下定決心買了回放，不做只看二手截圖臆測的人。 結果，整場雲歌會根本全員走神。 一些本該甜蜜的話題演員們卻總是恍神沒聽到，不然就是回答的文不對題，男女主更像上演大型分手現場，看的我尷尬癌都犯了，更遑論那十幾萬個920深夜追直播、花時間刷榜空瓶才求來這一場收官的人，該有多麼失望，簡直是花錢買罪受，如此愚蠢的🐶公司，堪稱前無古人後無來者。 沒有什麼比滿心期許，被人親手掐滅更痛苦 對比816兩場直播男女主的正常互動，920直播官方一開始打著「司鳳補給站」旗號，而後資本為了圈更多錢復又改以「琉璃收官雲歌會」割劇粉韭菜，卻全程公然羞辱女主，連點告別的誠意與體面都沒拿出來。
這番兩小時三十分鐘的騷操作，讓人度秒如年，不但毀了苦心拍攝、驚險出圈的「琉璃」，更進一步造成兩家粉絲劇終後仍長時間互撕互黑，前期只在粉圈內爭番位、後期更直接出征佔領各大渠道，讓劇粉、劇cp粉徹底失去家園（從沒看過哪部劇會分裂出這麼多不同的超話和專組）――  【對所有曾真情實感追過、安利過「琉璃」的人，都是臉上狠狠扇的一巴掌，非常非常的不受尊重】 這一星，我給的毫無懸念。  你始終，是個沒有心的人 - 雲離婚爭議總整理 時間線參考 -- 👖2小時32分鐘回放版本，以下單位【小時:分鐘】 ⬛【主辦方相關】
00:25-01:22 ▮ 女主消失整整一小時，連場遊戲都沒玩到
01:22 ▮ 三對cp同台對唱只有女主沒給打光，沒開口唱歌前我還以為台上只有五個人
01:36-01:42 ▮ 點痣遊戲女主“剛好”又没中籤，只能全程跟導演在舞台邊緣看別人玩
02:00 ▮ 製片“終於”讓男女主站到一塊，之前都有導演卡在中間
02:03-02:08 ▮ 點讚過億才解鎖的第十一世小視頻拍的毫無誠意

⬛【男主相關 -- 另分享高人整理的三千字文字版雲歌會】
男主苦瓜臉、缺乏風度、口不擇言，具體爭議如下▼▼▼
✔女主上台，男主就變得窘迫低頭不語，沒女主在台上時卻很正常
✔女主講話，男主就臭臉、走神、或跟隔壁不停悄悄話
✔女主講感言講到哭，男主站在一旁放空、全程直視前方一語不發、毫無反應
✔男主經常答非所問，全程絕口不提璇璣或初遇、一直繞回自己身上、只對唯粉喊話
✔男主採訪針對發糖少，答道“那都是在戲里，平時大家多吃點糖就好了”內涵劇粉

⬛【男女主相關】
✔全程無對話、無互動、無眼神交流(真的一秒都沒有) ⬛【其他配角相關】
00:59-01:00 ▮ 何晟銘在男團擺pose環節，對女主持開黃腔""妳站在那裏，我們就有感覺了，因為妳那很性感的背，我們就知道怎麼做""  
劇粉要的是大方體面的道別 - 淺談成毅表現 老實說，我是成毅的演技粉，看雲歌會前已五刷「琉璃」、幾乎把鵝子所有作品和wb都考古一遍，然而，站在一個理智粉的角度，雖知道不完全是他的責任，但錯了就是錯了、怎麼洗也沒用。以後有時間還是會追新劇，但我對這場雲歌會的他實在很失望。 畢竟，無論是否有公司背後施壓拆cp、無論是否如傳聞所說高層就在二樓監督，但凡有點情商的成年人都應懂得【禮貌性的最低限度客套】吧？ 成毅這晚的表現真心不及格，表情管理和應對能力不足，有袁冰妍在場的情況下，避嫌避過頭、矯枉過正有失氣度、操之過急更讓人有受騙感。雖然男女主相互間都無交流，但起碼袁冰妍是全程微笑、落落大方客客氣氣、應答得體在情在理，是璇璣給了劇粉最後的體面。 能理解成毅正在拍「夢醒長安」沒睡好、很累、還沈浸在和張予曦的李炎x程若魚cp中 ; 或者剛小火、話語權不足以反駁公司安排的行程 ; 抑或過往被黑經驗讓他害怕面對鏡頭、害怕說錯話 ; 也可能是「長安諾」被企鵝視頻著急蹭「琉璃」熱度上架、要趕緊解綁cp避免撲街 ; 或因女主合約問題公司故意不讓他倆互動等等等等（想起920鬧劇結束後，當晚🐶瑞G磊就在wb陰陽怪氣發文""要對違約藝人追責""、製片人鄧xx在9/17發博告別「琉璃」卻故意沒＠女主。。。呵呵錢吸夠了、利用完就丟真沒肚量）                                                                                                                                                       但成毅，雖忠言逆耳，我還是要提醒你無論再忙再難再累再苦，公開場合維持基本的笑容與風度是本分，否則真的還不如別參加。有沒有發糖根本就不是你被罵上熱搜的主要原因，重點在於沒有任何人是特地“花錢”看你對女主擺臭臉的，公司內部或者演員私下之間任何的糾葛紛爭，都不該由觀眾買單。 看看紫狐和無支祁多可愛，兩人比腕力我就是看的歡，點到為止，沒有踰矩、更沒有炒cp吧？ 從頭到尾，劇粉要的只有一個圓滿的告別，沒求你們滿屏幕秀恩愛，只求你們哪怕皮笑肉不笑、和和氣氣的演完最後一場戲就好，演員是販賣夢想的人，而不是苦大仇深彷彿女主沒帶健康碼，全程妳上台我苦臉，妳講話我沒聽見。 一場虛假宣傳的失敗收官 - 狗瑞，真有你的 只能說這種直播，開播之前肯定要彩排、給劇本、要問的問題提前告知給演員準備，尤其像成毅這樣戲外缺根筋的人，經紀公司沒有給一些基本媒體對談訓練，卻讓他放飛自我，怕不是嫌他粉絲太多？粉絲當然會愛成毅的斷網少年、老幹部人設，覺得他憨直可愛，但路人呢？對偶像的過度包容只會害了他，30多歲的人了，情商不夠真沒法在內娛走長久。 而且，至今成毅未就920公開表達對【劇粉】的歉意或反省 ; 官方也從未對【劇粉】公開澄清，為何袁冰妍會無故消失長達整整一小時（別跟我說在後台換衣服，人家白澍換裝只換了10分鐘)。 這場雲歌會給我感覺就像個半成品，只想快速騙粉絲圈錢，相信會錄入最糟糕的傳奇收官範本，往後提供別劇做鞭屍對照組。 可惜了全體人員162天的努力，在最後一晚被毀了徹底 我不後悔打開「琉璃」：當過鵝子女鵝的媽粉，嗑過cp、操心過他倆的數據。 因為最該鞭屍的是促成這一切的資本，演員不過是按照資本演出的提線木偶。 成毅對得起司鳳，他的的確確演活了這個十生十世深情守候的角色，只是9/10才超點結局、9/15才會員結局，9/20觀眾當然還戴著司鳳深情無悔人設濾鏡，對他期待值太高，所以失望才更大吧。雲歌會後的脫粉是意料之中，但不回踩是我對曾真情實感追劇最後的溫柔，唯願你經此一塹能有所成長。 謝謝始終照顧冰妍＆安慰她別哭的白澍、遞紙巾給冰妍的杨肸子、陪冰妍聊天的侯夢瑤，還有趕場過來的劉學義、說自己是嗑初遇夫婦第一線的姚奕辰、以及深愛「琉璃」的導演，是你們撐起了這場雲歌會。 最後，袁冰妍，非常心疼並謝謝妳，給了無數劇粉最後的體面。雖然妳一半的時間都不在台上、一場遊戲都沒玩到，活得比女N號還不如，全程被當背景板、被當圈錢工具人，但妳仍在發表感言時感謝了給妳機會的狗瑞，仍努力微笑、堅強地撐完全場，要換做我心態早崩了。 願妳越來越強大，早日取得與資本博弈的實力，不再受這樣明目張膽的欺侮。
願初遇夫婦就算無法在十一世雙向奔赴，也請各自安好。 “女鵝，我們帶你回家。”",9.0,1.0,1
32,32,35208489,琉璃收官云歌会,77efe5da32661325384e863c7fca78f4,9104cae4ba38c79afaf6479c1dde3b7c,3.0,2021-01-30 03:19:55,不太明白为什么很多人都在骂成毅，《琉璃》真的是一部非常优秀的作品，带我们进入了一个梦幻而又精彩的仙侠世界，给我们留下了很多美好的回忆。可以看出不仅是我们，其实在场的每一位主创都很激动，很多人都留下了不舍的眼泪，而成毅倒不像是黑脸，更像是有些紧张，这一点从他的发言就能看出来。Anyway 我想说感谢所有《琉璃》的主创人员们，是你们辛勤的付出才能让我们在今天看到了这么精彩的故事，也感谢各位主创在这场云歌会上的倾情演唱。,2.0,2.0,19
33,33,35208489,琉璃收官云歌会,979c9dec3c75e8f2cd66d64f8a2bd481,f7f873beef2f6b2efc353cdb25da76d0,,2020-12-03 12:43:23,"我是最近才看的电视剧琉璃及816直播，收官云歌会等，我并不是CP粉或者唯粉，只是希望角色能有个好好道别，互相和平友好，大大方方不好吗？演个剧就是普通陌生人了吗？感觉好像不是这位演员演的深情的司凤一样，剧里面的美好感觉一夕之间就不复存在，其实观众入戏也是因为你们演的真实自然，感觉好像是真的存在一样，为什么要亲手打破呢？知道对你们来说只是演戏，入戏出戏快对你们才是好的，但是我们认真看了这个剧就想有个美丽的ending,现在闹的怎么难堪，倒不如当初没有看过这个剧，也不至于现在都意难平，演员和角色不能安全分开的，知道你们是想好好演戏，一部戏结束了还有另一部戏，但是也需要尊重观众吧，大家都体面收场不好吗？还是这句话，始于颜值，陷于才华，忠于人品。这部剧里面打戏，哭戏，亲情友情戏等都不错，但是最能打动人的是至死不渝的爱情，最后还是希望能有个体面的收场，完美的道别，不然也不至于让这么多人意难平。也希望所有人都能和平好好相处，观众也好，粉丝也好，演职人员也好，也愿每个人心中都能有美好的存在。",,,2
34,34,35208489,琉璃收官云歌会,4954c74fae23b5771d9e5408c03300b7,e642cb7af037f938c66f251f84db0d76,1.0,2020-10-26 09:39:26,我嗅到赵丽颖和陈晓的味道了，真的，冥冥之中如此相似，太阳底下没有新鲜事，故事重演，两个人一样的清纯可爱，一样的天之绝配，一样的甜蜜动人，一样的撩人心弦，但可惜一样被男方强拆，一样被否认，陈晓不要高湛了，成毅不要禹司凤了，希望以后不要后悔，不要多年以后想起现在，才知道当初是最美好的时刻。,4.0,,7
35,35,35208489,琉璃收官云歌会,353568338ac6ab15397dc20e22a498c8,59f58bf6bf207be795ffdaf3ad69d75f,1.0,2020-10-16 20:52:24,时隔近一个月，我再次回来说说我的想法，琉璃是部好剧，我很嗑纸片人的爱情，但是我不是真人CP粉！我是纯纯的剧粉。司凤演得很棒，天花板人设，吸了不少粉，哭戏挺好，我不否认他的演技。璇玑很可爱，后期哭戏相对还有进步空间，但是确实很多是滤镜太重或配音有所影响，我也不否认这个小女生的演技，她已经很棒了！戏是演员相辅相成的，他们演出了大家想要的CP感，老实说司凤被刺我没有哭，我的哭点在璇玑追夫，应该很多人也是这样，我们的琉璃，真的很棒！尽管后期魔改祭天女主！俏泥麻的刘大妈！ 但是，这场云歌会，大失所望，我在观看前，就已经做好官方拆CP的准备，不发糖什么的也接受，我并不会因为拆而难受，这本就是正常行为！but！！！男主一系列操作，我到今天还是无法释怀，公司安排的我理解，但是您的情商应该是很低吧，连跟我们的司凤好好告别都不行吗？语无伦次答非所问古往今来只你一人！ 本场总结基本如下: 官拆CP无话说，糖也不发无话说，全程黑脸为何故？想是没有健康码！腾蛇白帝很值得，其他人也还不错！落落大方是女主，扭扭捏捏假无辜，二楼怕有狙击枪，一枪击爆丑的头？我笑男主好扭捏，ie果果最心疼，洗白甩锅的行为，不是犯贱就是作！欢瑞欢瑞真是呕，您的大剧不配我！原本路粉毅大哥，现在不论你和我，再看一眼就反呕，我的真心喂了狗，真真求您放过我！剧粉剧粉好无辜，失眠夜夜都想哭，我的司凤璇玑儿，无悔真情给付出！后悔920当初，本该不应把钱出，伤心伤肺白熬夜，扭扭捏捏真下胃！本该不应回来踩，实在是剧粉憋屈，它不吐不快了唉！从今而后粉转路，ie骚扰我添堵，莫要怪我路人吐！,13.0,,3
36,36,35208489,琉璃收官云歌会,f5ede563d42b2e63a81f2bf10e4b0074,450ea3af464ff9f8a08600c0c1f7b82c,1.0,2020-10-16 00:36:41,云歌会快要过去一个月了，仅以此文感谢成独美（下文用C1指代）让我知道一个演员可以这么不爱自己的角色。在920之后我就经常看见云歌会和边程直播对比，所以好奇查了一下数据，终于920过去快一个月了数据也积累得差不多了，所以今天我就拿两个同类型事件的讨论热度对比，本文主要回答了两个问题，（1）到底这件事情对两位本人有多大影响，（2）以及哪一个热度更大。        本文分为三个部分 边程直播简要回顾成独美三年网络讨论热度赏析两位塌房主角的群众讨论热度对比       1. 边程任敏直播事件回顾          作为一个常年沉迷游戏延迟追剧的人来说，边程这个名字还是云歌会之后我才知道的，《清平乐》我也没看，如果和我一样的人可以看下面那张图应该就能推测这次事件发生时间。看见【边程】咨询指数上的那个摩天大楼了吗？                 这是三年的数据所以无法精确到天 再放大有点 缩小到今年就可以看到是哪天爆发了        百度指数告诉你，在2020年5月21日这一天，【边程】这个关键词出现了一个指数级波动。由于事件传播有滞后性，即便是互联网也需要1-2天的时间发酵才能真正让广大群众参与，所以可以推测这场直播应该是在19/20号发生的。 没看电视剧光看图还是觉得有虐恋情深的感觉     事实证明这场直播确实是在5月19日发生的，大致考古了以下，大约是《清平乐》5月18日大结局，剧中的怀柔CP扮演者边程任敏在第二天开了一场直播。一对在剧中至死不见意难平的角色，对于这场直播观众有啥期待不言而喻了，没想到满心期待迎来的居然是一场剧中温柔人设的男演员对女演员的羞辱。 找到了一些边程直播的精彩发言给大家共赏： 1）说说对方的初印象 边程：第一次见任敏，觉得她长得不好看，长得也不高 任敏沉默几秒，没关系没关系 2）有没有机会二次合作 边程：谁要和你合作 3）问任敏理想型 任敏：喜欢开朗的男生 边程：那我尽量变成深沉的、沉稳的 边程：不要变成你的理想型 4）快下播了，待会一起吃饭 边程：谁要和你一起吃饭       不好意思看完拳头硬了，虽然边程的反应很快，在直播结束之后当天进行了二连道歉，任敏也作出了回应，不过观众买不买账又是另外一回事了。        云歌会的三千字文字版在这里 https://www.douban.com/doubanapp/dispatch?uri=/group/topic/194588206&amp;dt_dapp=1 2020年4月21日该帖被删，楼主重发 https://www.douban.com/group/topic/222108663/?dt_dapp=1 2.琉璃云歌会VS 边程任敏直播 （1）C1三年网民讨论热度赏析         为了对比两场拆房事件在网民中的影响力，这里我们先来看下两位事件主角【成毅】的和资讯指数（讨论度）。          可以看见在【成毅】自从2017年出现在资讯指数当中的3年多，云歌会的数据宛如普林尼式火山喷发，再也没有哪件事情引起的群众讨论度能比这场直播更高了。 这个事件引起的轰动程度让这三年来的其他任何事件在这时间序列上相形见绌，自愧不如。 他，凭借一己之力达到这样的效果，真的佩服！ 不知道还能不能再创佳绩，给我们带来更多惊喜！        这里顺带提一句，从上面这张图可以看出明星平时的营销炒作在“翻车”行为在上亿级别的网民面前完全不值一提，无论是青云志，一年级还是去年的怒海潜沙引起的讨论，在琉璃+云歌会的摩天大楼面前，连土丘都不如。所以各位也不用特别担心提到他或者是关注他的新闻是不是就给他热度了。你看再三年的数据面前，平时的操作都是渣渣…        我相信上图很直观了吧，《琉璃》带来的关注度完全是碾压C1过往所有剧集的，不知道是他不懂还是欢瑞不懂。  （2）【成毅】和【边程】在各自高光时刻的讨论度            接下来对比琉璃云歌会和边程任敏直播中两位主角在此次事件中的资讯指数： 【成毅】是563W 【边程】是395W          直观的结论就是云歌会后讨论成毅的热度是远高于直播之后讨论边程的，多了168W的讨论度。（搜索指数的数据也是一样更高） mean一点就是这可以算是这两位出道使上的代表作了，至今无法超越的那种。        但是由于两者事件上有很多区别，比如： 事发时边程16岁，成毅31岁；边程是5番，成毅是1番；边程立刻回应道歉了；成毅没有做出回应等等； 所以除了云歌会的影响范围比边程直播更广之外，没有办法做出更多合理推断。        这是拆房对比的第一部分，其他的就懒得贴了，希望云歌会能成为他永远无法超越的痛！ ps：数据来源全部都是百度指数,33.0,,34
37,37,35208489,琉璃收官云歌会,81a87898d792391757fc0a99c698b7a2,0bcdbedbb9fe28e272e715395d2b7fd4,,2020-10-15 17:08:42,男主和他的粉丝成功让我破了例，脱粉，本着曾经喜欢过的原则也不想回踩，不想骂人，但是现在过了一个月了，这种恶心感，不适感，和他粉丝没有自知之明不知天高地厚的low样真真让我想变成个黑粉，世界上怎么会有ie这种生物存在，有一句话很适合他们，如果你喜欢cy，并且有脑子，那你一定不上网，如果你上网，且喜欢cy，那你一定没有脑子，ie无脑实锤🤗毕竟上网且有脑子的都不会喜欢这low货,11.0,,3
38,38,35208489,琉璃收官云歌会,1e8a74aab4a1d9d12f27a7704e2e484a,aa17af8d77eec0bcd37d865d815d4a52,1.0,2020-10-14 16:02:26,"我记得我是刷微博的时候看见有人每天狂推琉璃这部剧的，但是当时看了一下演员我就直接关闭了，当时就一脸懵逼，这都谁啊，不认识啊。然后连着一周都是热搜还有人推荐，也是剧荒就打开看了，它也果然没让人失望，我看了两集左右就进入剧情了。然后跟所有剧粉一样，把这些小糊咖的微博都关注了，还见人就推荐，看琉璃吧，诚你不欺！把他俩古偶剧天花板级别的吻戏动图到处发，活像个LSP的保证说，这是良心制作了。我真的没有夸张或者顺势而为的打马后炮，我三个姐妹看见我的安利第一句话都是，这男演员也太丑了，明显的太阳穴凹陷啊！可是我还是不停的安利，你们看吧真的，特别好看。。。后来证明我真的就是传说中的打脸怪，因为这个云歌会结束后大家就一脸看智障的表情看着我说，早跟你说了吧，相由心生。嗯！相由心生，滤镜太厚了果然会迷惑人的心智。 最最最最让人心寒的都不是这些，而是男演员的疯批粉丝们，真是无底线无下限的挑战你的三观。我想起一个饭圈的名言“我哥哥这个么好你们为什么讨厌他，当然因为你啊你妈的”，起初我真的不讨厌cy,顶多就是失望，大不了以后少关注，觉得不会回踩的地步。可是他的疯批浏览器恨不能舞到天上去的到处撕逼真是让人忍无可忍，说剧粉生气是因为没有撒糖让我们没法YY了，真是高尔基先生教导我们说，我去你奶奶的卷吧。我们YY谁了？是你们天天YY你跟你割割吧！而且把女演员骂的体无完肤我就真的是忍不了，还都是女粉丝！希望这些人在社会上早日体验这些凉薄才对得起她们今天的嘴脸。 最后，以后的路还长我们拭目以待在逃影帝，横店打工仔能不能金马金像金鸡百花大满贯，如果不能真的对不起今天的骚操作！",7.0,,6
39,39,35208489,琉璃收官云歌会,574db90f29e35a11508d9043267ffb38,94ead625929e6b13e3d3e367932b5f8f,,2020-10-09 15:25:56,一群人都在欺负可怜的璇玑！某男主糊穿地心！啊啊啊啊啊啊啊啊啊啊啊啊啊啊啊啊啊啊啊啊啊啊啊啊啊啊啊啊啊啊啊啊啊啊啊啊啊啊啊啊啊啊啊啊啊啊啊啊啊啊啊啊啊啊啊啊啊啊啊啊啊啊啊啊啊啊啊啊啊啊啊啊啊啊啊啊啊啊啊啊啊啊啊啊！生气生气生气！ 整个公司上下那么多人干那么low的事情跟小学生似的…,3.0,,2
